service_id,monday,tuesday,wednesday,thursday,friday,saturday,sunday,start_date,end_date
SC00001.S0,1,1,1,1,1,0,0,20260930,20261013
SC00112.S0,0,0,0,0,0,0,0,20260930,20260930
SC00003.S0,0,0,0,0,0,1,1,20261003,20261011
SC00113.S0,1,1,1,1,1,0,0,20261001,20261013
SC09867.S0,1,1,1,1,1,0,0,20260928,20261031
SC09472.S0,1,1,1,1,1,0,0,20260901,20261212
SC09544.S0,1,1,1,1,1,0,0,20260830,20261212
SC09541.S0,1,1,1,1,1,0,0,20260802,20261212
SC09412.S0,1,1,1,1,1,0,0,20260830,20261212
SC11770.S0,1,1,1,1,1,0,0,20260802,20261031
SC09861.S0,1,1,1,1,1,0,0,20260802,20260927
SC09526.S0,1,1,1,1,1,0,0,20260802,20260831
SC09599.S0,1,1,1,1,1,0,0,20260802,20261212
SC00121.S0,1,1,1,1,1,0,0,20260930,20261013
SC00120.S0,0,0,0,0,0,0,0,20260930,20261013
SC09492.S0,1,1,1,1,1,0,0,20260928,20261212
SC09872.S0,1,1,1,1,1,0,0,20260914,20261031
SC09871.S0,1,1,1,1,1,0,0,20260802,20260913
SC11771.S0,1,1,1,1,1,0,0,20260802,20261031
SC09615.S0,1,1,1,1,1,0,0,20260830,20261212
SC09868.S0,0,0,0,0,0,1,1,20260928,20261031
SC09490.S0,1,1,1,1,1,0,0,20260914,20261212
SC09398.S0,1,1,1,1,1,0,0,20260301,20261212
SC09415.S0,1,1,1,1,1,0,0,20251214,20261212
SC09633.S0,1,1,1,1,1,0,0,20260614,20261212
SC09447.S0,1,1,1,1,1,0,0,20251214,20261212
SC09502.S0,1,1,1,1,1,0,0,20260614,20261212
SC09528.S0,1,1,1,1,1,0,0,20260301,20260831
SC09523.S0,1,1,1,1,1,0,0,20260701,20261212
SC10645.S0,0,0,0,0,0,1,1,20260831,20261031
SC09473.S0,0,0,0,0,0,1,1,20260901,20261212
SC10610.S0,1,1,1,1,1,0,0,20261001,20261031
SC09648.S0,1,1,1,1,1,0,0,20260830,20260913
SC09601.S0,1,1,1,1,1,0,0,20260914,20261212
SC00243.S0,0,0,0,0,0,1,1,20260614,20261212
SC09551.S0,1,1,1,1,1,0,0,20260830,20260913
SC10642.S0,1,1,1,1,1,0,0,20260831,20261031
SC09851.S0,1,1,1,1,1,0,0,20260830,20260927
SC09854.S0,0,0,0,0,0,0,0,20260830,20260927
SC00432.S0,1,1,1,1,1,1,1,20260929,20261002
SC00156.S0,0,0,0,0,0,1,1,20251214,20261212
SC00267.S0,0,0,0,0,0,1,1,20251214,20261212
SC04186.S0,0,0,0,0,0,1,1,20260704,20261212
SC08582.S0,1,1,1,1,1,0,0,20260901,20261002
SC09017.S0,1,1,1,1,1,0,0,20260901,20260929
SC09038.S0,1,1,1,1,1,0,0,20260901,20261130
SC00290.S0,1,1,1,1,1,0,0,20261001,20261030
SC09399.S0,0,0,0,0,0,0,1,20260301,20261212
SC09400.S0,1,1,1,1,1,0,0,20251214,20261212
SC09413.S0,0,0,0,0,0,1,1,20260830,20261212
SC09634.S0,0,0,0,0,0,0,0,20260614,20261212
SC09552.S0,0,0,0,0,0,1,1,20260830,20260913
SC09444.S0,0,0,0,0,0,1,1,20251214,20261212
SC09532.S0,0,0,0,0,0,0,1,20260830,20261212
SC09538.S0,1,1,1,1,1,0,0,20260301,20261212
SC09519.S0,1,1,1,1,1,0,0,20260614,20261212
SC09643.S0,1,1,1,1,1,0,0,20260701,20261212
SC09503.S0,0,0,0,0,0,1,1,20260914,20261212
SC09647.S0,0,0,0,0,0,0,0,20260701,20261212
SC09524.S0,0,0,0,0,0,1,1,20260701,20261212
SC09994.S0,1,1,1,1,1,0,0,20260902,20261212
SC09880.S0,0,0,0,0,0,0,0,20260802,20261212
SC09892.S0,1,1,1,1,1,0,0,20261021,20261212
SC09882.S0,1,1,1,1,1,0,0,20260812,20261031
SC09895.S0,1,1,1,1,1,0,0,20260802,20261020
SC09878.S0,0,1,1,0,0,0,0,20260802,20261212
SC09595.S0,1,1,1,1,1,0,0,20260802,20260920
SC09850.S0,1,1,1,1,1,0,0,20260830,20260927
SC10040.S0,1,1,1,1,1,0,0,20260830,20261212
SC10041.S0,1,1,1,1,1,0,0,20260901,20260923
SC10042.S0,0,1,1,1,1,0,0,20260924,20261004
SC09884.S0,1,1,1,1,1,0,0,20260921,20260927
SC09886.S0,1,1,1,1,1,0,0,20261024,20261212
SC09879.S0,1,1,1,1,1,0,0,20260924,20261130
SC09888.S0,1,1,1,1,1,0,0,20260928,20261023
SC09689.S0,0,0,0,0,0,0,0,20260701,20261212
SC09557.S0,1,1,1,1,1,0,0,20260901,20260930
SC09627.S0,0,0,0,0,0,1,1,20260901,20261130
SC09875.S0,1,1,1,1,1,0,0,20260802,20261212
SC09877.S0,1,1,1,1,1,0,0,20260921,20261023
SC10043.S0,0,0,0,0,0,0,0,20260914,20261212
SC10046.S0,1,1,1,1,1,0,0,20260925,20261130
SC09881.S0,0,0,0,0,0,0,0,20260802,20261212
SC09883.S0,1,1,1,1,1,0,0,20260812,20261031
SC09857.S0,1,1,1,1,1,0,0,20260802,20260927
SC09566.S0,1,1,1,1,1,0,0,20260802,20261212
SC09890.S0,0,0,0,0,0,0,0,20260802,20261212
SC09596.S0,0,0,0,0,0,1,1,20260802,20260920
SC09887.S0,0,0,0,0,0,1,1,20261024,20261212
SC09891.S0,0,0,0,0,0,1,1,20260924,20261130
SC09885.S0,0,0,0,0,0,1,1,20260921,20260927
SC09889.S0,0,0,0,0,0,1,1,20260928,20261023
SC13149.S0,1,1,1,1,1,0,0,20260701,20261212
SC12993.S0,1,1,1,1,1,0,0,20260928,20261008
SC09833.S0,0,0,0,0,0,0,0,20260701,20261212
SC09834.S0,0,0,0,0,0,0,0,20260701,20261212
SC09835.S0,0,0,0,0,0,0,0,20260701,20261212
SC09836.S0,0,0,0,0,0,0,0,20260701,20261212
SC09837.S0,0,0,0,0,0,0,0,20260701,20261212
SC09838.S0,0,0,0,0,0,0,0,20260701,20261212
SC09839.S0,0,1,1,1,1,0,0,20260720,20261020
SC09840.S0,1,1,1,1,1,0,0,20260720,20261020
SC09841.S0,0,0,0,0,1,0,0,20260720,20261020
SC09842.S0,1,0,0,0,0,0,0,20260720,20261020
SC09843.S0,1,1,1,1,0,0,0,20260720,20261020
SC09844.S0,0,0,0,0,0,0,1,20260720,20261020
SC09847.S0,1,1,1,1,1,0,0,20260916,20260930
SC09567.S0,0,0,0,0,0,0,0,20260802,20261212
SC09852.S0,0,0,0,0,0,1,1,20260830,20260927
SC09853.S0,0,0,0,0,0,0,1,20260830,20260927
SC09856.S0,0,0,0,0,0,0,1,20260830,20261212
SC09493.S0,0,0,0,0,0,1,1,20260928,20261212
SC09855.S0,0,0,0,0,0,0,1,20260928,20261212
SC09864.S0,1,1,1,1,1,0,0,20261101,20261212
SC09870.S0,1,1,1,1,1,0,0,20261101,20261212
SC09858.S0,0,1,1,1,1,0,0,20260802,20260927
SC09874.S0,1,1,1,1,1,0,0,20260802,20261212
SC09586.S0,1,1,1,1,1,0,0,20260917,20261004
SC09527.S0,0,0,0,0,0,1,1,20260802,20260831
SC09859.S0,0,0,0,0,0,0,1,20260802,20260831
SC09860.S0,0,0,0,0,0,0,1,20260901,20261212
SC11768.S0,1,1,1,1,1,0,0,20261101,20261212
SC09558.S0,0,0,0,0,0,1,1,20260802,20261212
SC09862.S0,0,0,0,0,0,1,1,20260802,20260927
SC09865.S0,0,0,0,0,0,1,1,20261101,20261212
SC09863.S0,0,0,0,0,0,0,1,20260802,20260927
SC09873.S0,0,0,0,0,0,0,1,20260802,20261212
SC09866.S0,0,0,0,0,0,0,1,20261101,20261212
SC09869.S0,0,0,0,0,0,0,1,20260928,20261031
SC10049.S0,1,1,1,1,1,0,0,20260914,20261212
SC10051.S0,0,1,1,1,1,0,0,20260926,20261001
SC09876.S0,0,0,0,1,1,0,0,20260802,20261212
SC09893.S0,1,1,1,1,1,0,0,20261021,20261212
SC09896.S0,1,1,1,1,1,0,0,20260802,20261020
SC09894.S0,0,0,0,0,0,1,1,20261021,20261212
SC09897.S0,0,0,0,0,0,1,1,20260802,20261020
SC09993.S0,1,1,1,1,1,0,0,20260902,20261212
SC09571.S0,1,1,1,1,1,0,0,20260914,20261130
SC10024.S0,0,0,0,0,0,0,1,20260830,20260913
SC10045.S0,0,0,0,0,0,0,0,20260914,20261212
SC10048.S0,0,0,0,0,0,1,1,20260925,20261130
SC10053.S0,0,0,0,0,0,0,1,20260914,20261212
SC09484.S0,1,1,1,1,1,0,0,20260901,20261212
SC09600.S0,0,0,0,0,0,0,0,20260614,20261212
SC10609.S0,1,1,1,1,1,0,0,20261001,20261031
SC09580.S0,1,1,1,1,1,0,0,20260901,20261031
SC10394.S0,1,1,1,1,1,0,0,20260901,20261231
SC10467.S0,1,1,1,1,1,0,0,20260928,20261212
SC10649.S0,1,1,1,1,1,0,0,20260917,20261212
SC10650.S0,1,1,1,1,1,0,0,20260917,20261212
SC10687.S0,1,1,1,1,1,0,0,20260614,20261212
SC10688.S0,0,0,0,0,0,0,0,20260614,20261212
SC10695.S0,0,0,0,0,0,1,1,20260614,20261212
SC10909.S0,0,0,0,0,0,0,1,20260614,20261212
SC10952.S0,1,1,1,1,1,0,0,20251214,20261212
SC10990.S0,1,1,1,1,1,0,0,20260930,20261031
SC10991.S0,0,0,0,0,0,1,1,20260930,20261031
SC11072.S0,0,0,0,0,0,0,1,20251214,20261212
SC11091.S0,0,0,0,0,0,1,1,20261001,20261030
SC11105.S0,1,1,1,1,1,0,0,20251214,20261212
SC09478.S0,1,1,1,1,1,0,0,20251214,20260831
SC11348.S0,1,0,0,1,0,0,0,20260614,20261212
SC09508.S0,1,1,1,1,1,0,0,20251214,20260831
SC11344.S0,1,1,1,1,1,0,0,20260301,20260831
SC11559.S0,1,1,1,1,1,0,0,20260301,20260906
SC09605.S0,1,1,1,1,1,0,0,20261001,20261212
SC09608.S0,1,1,1,1,1,0,0,20260614,20260930
SC11625.S0,0,0,0,0,0,0,0,20251214,20261212
SC09488.S0,1,1,1,1,1,0,0,20261001,20261212
SC09491.S0,0,0,0,0,0,1,1,20261001,20261212
SC11731.S0,1,1,1,1,1,0,0,20260830,20261212
SC11732.S0,1,1,1,1,1,0,0,20260830,20261212
SC13601.S0,1,1,1,1,1,0,0,20260614,20261212
SC13606.S0,1,1,1,1,1,0,0,20261001,20261104
SC13598.S0,1,1,1,1,1,0,0,20260803,20261026
SC12975.S0,0,0,0,0,0,0,0,20260701,20261212
SC13595.S0,0,0,0,0,0,0,0,20260614,20261212
SC12976.S0,1,1,1,1,1,0,0,20260713,20261013
SC11733.S0,1,1,1,1,1,0,0,20260830,20261212
SC11734.S0,0,0,0,0,0,1,1,20260830,20261212
SC13603.S0,0,0,0,0,0,1,1,20260614,20261212
SC13608.S0,0,0,0,0,0,1,1,20261001,20261104
SC11735.S0,0,0,0,0,0,0,1,20260830,20261212
SC11736.S0,1,1,1,1,1,0,0,20260831,20260930
SC11737.S0,1,1,1,1,1,0,0,20260831,20260930
SC11738.S0,0,0,0,0,0,1,1,20260831,20260930
SC09560.S0,0,0,0,0,0,1,1,20260901,20260930
SC11739.S0,0,0,0,0,0,0,1,20260831,20260930
SC11740.S0,1,0,1,1,1,0,0,20260614,20261212
SC11741.S0,0,1,0,0,0,0,0,20260614,20261212
SC11742.S0,0,0,1,0,1,0,0,20260614,20261212
SC11743.S0,1,1,1,1,1,0,0,20260614,20260901
SC11744.S0,0,0,0,0,0,0,0,20260614,20260901
SC11745.S0,1,1,1,1,1,0,0,20260902,20261212
SC11746.S0,1,1,1,1,1,0,0,20260902,20261212
SC09564.S0,1,1,1,1,1,0,0,20260921,20260930
SC11747.S0,1,1,1,1,1,0,0,20251214,20260901
SC11748.S0,1,1,1,1,1,0,0,20251214,20260901
SC11749.S0,1,1,1,1,1,0,0,20251214,20261212
SC11750.S0,1,1,1,1,1,0,0,20251214,20261212
SC11751.S0,0,0,0,0,0,1,1,20251214,20260901
SC11752.S0,0,0,0,0,0,1,1,20251214,20260901
SC11753.S0,0,0,0,0,0,1,1,20260902,20261212
SC09565.S0,1,0,0,0,0,1,1,20260921,20260930
SC11754.S0,1,1,1,1,1,0,0,20260301,20261212
SC11755.S0,0,0,0,0,0,0,0,20260301,20261212
SC11756.S0,1,1,1,1,1,0,0,20251214,20261212
SC11763.S0,1,1,1,1,1,0,0,20251214,20261212
SC11757.S0,1,1,1,1,1,0,0,20260614,20261212
SC11761.S0,1,1,1,1,1,0,0,20260922,20261005
SC11758.S0,1,1,1,1,1,0,0,20260614,20261212
SC11760.S0,0,0,0,0,0,0,0,20260614,20261212
SC11759.S0,0,0,0,0,0,1,1,20260614,20261212
SC11762.S0,1,0,0,0,0,1,1,20260922,20261005
SC11764.S0,1,1,1,1,1,0,0,20251214,20261212
SC11766.S0,1,1,1,1,1,0,0,20251214,20261212
SC11765.S0,1,1,1,1,1,0,0,20260602,20261031
SC11767.S0,0,0,0,0,0,1,1,20251214,20261212
SC11769.S0,0,0,0,0,0,1,1,20261101,20261212
SC11772.S0,0,0,0,0,0,1,1,20260802,20261031
SC11773.S0,1,1,1,1,1,0,0,20260802,20261212
SC11774.S0,1,0,0,1,1,0,0,20260802,20261212
SC11775.S0,0,0,0,0,0,1,1,20260802,20261212
SC09568.S0,1,1,1,1,1,0,0,20260829,20260930
SC11776.S0,1,1,1,1,1,0,0,20260829,20260930
SC09569.S0,0,0,0,0,0,1,1,20260829,20260930
SC11777.S0,1,1,1,1,1,0,0,20251214,20261212
SC11778.S0,0,0,0,0,0,0,0,20260701,20260830
SC11782.S0,0,0,0,0,1,0,0,20260802,20261212
SC11794.S0,0,0,0,0,0,0,0,20260831,20260930
SC11810.S0,0,1,1,1,1,0,0,20260614,20261212
SC11817.S0,1,1,1,1,1,0,0,20260614,20261212
SC11918.S0,0,0,0,0,0,1,1,20251214,20261212
SC13575.S0,1,1,1,1,1,0,0,20251214,20261212
SC13545.S0,1,1,1,1,1,0,0,20251214,20261212
SC13153.S0,0,0,0,0,0,0,0,20260701,20261212
SC13502.S0,0,0,0,0,0,0,0,20260614,20261212
SC13444.S0,0,0,0,0,0,0,0,20260614,20261212
SC13187.S0,0,0,0,0,0,0,0,20260701,20261212
SC13498.S0,0,0,0,0,0,0,0,20260701,20261212
SC09631.S0,1,1,1,1,1,0,0,20260901,20261130
SC13506.S0,1,1,1,1,1,0,0,20260707,20260831
SC13448.S0,1,1,1,1,1,0,0,20260707,20260929
SC13494.S0,1,1,1,1,1,0,0,20260301,20261212
SC13542.S0,1,1,1,1,1,0,0,20260928,20261130
SC13539.S0,1,1,1,1,1,0,0,20260831,20260927
SC13496.S0,1,1,1,1,1,0,0,20260801,20261002
SC13549.S0,1,1,1,1,1,0,0,20260701,20261031
SC13551.S0,1,1,1,1,1,0,0,20260918,20261026
SC13560.S0,0,0,0,0,0,0,0,20251214,20261212
SC13426.S0,1,1,1,1,1,0,0,20251214,20261212
SC13455.S0,1,1,1,1,1,0,0,20260301,20261212
SC13465.S0,0,0,0,0,0,0,0,20260301,20261212
SC13474.S0,0,0,0,0,0,0,0,20251214,20261212
SC13430.S0,0,0,0,0,0,0,0,20260301,20261212
SC13434.S0,1,1,1,1,1,0,0,20260817,20260920
SC13438.S0,1,1,1,1,1,1,1,20260921,20260924
SC13440.S0,1,1,1,1,1,0,0,20260925,20261031
SC13572.S0,1,1,1,1,1,0,0,20260901,20261212
SC13512.S0,1,1,1,1,1,0,0,20260930,20261030
SC13562.S0,0,0,0,0,0,0,0,20260701,20261031
SC13565.S0,0,0,0,0,0,0,0,20260701,20261031
SC13566.S0,0,0,0,0,0,0,0,20260707,20260917
SC13569.S0,1,1,1,1,1,0,0,20260707,20260917
SC12191.S0,0,0,0,0,0,0,0,20260901,20261130
SC09513.S0,1,1,1,1,1,0,0,20260614,20260831
SC09479.S0,1,1,1,1,1,0,0,20251214,20260831
SC09632.S0,0,0,0,0,0,1,1,20260614,20260831
SC13475.S0,1,1,1,1,1,0,0,20260817,20260909
SC13468.S0,1,1,1,1,1,0,0,20260817,20260831
SC13471.S0,1,1,1,1,1,0,0,20260901,20260924
SC13478.S0,1,1,1,1,1,0,0,20260910,20260929
SC12409.S0,0,0,0,0,0,1,1,20261001,20261031
SC12582.S0,0,0,0,0,0,0,1,20260901,20261212
SC13452.S0,1,1,1,1,1,0,0,20260930,20261031
SC09514.S0,0,0,0,0,0,0,0,20260614,20260831
SC12720.S0,0,0,0,0,0,0,1,20260614,20261212
SC13473.S0,0,0,0,0,0,0,0,20260614,20261212
SC09516.S0,0,1,1,1,1,1,1,20260928,20260930
SC13535.S0,0,0,0,0,0,0,0,20260701,20261212
SC13536.S0,1,1,1,1,1,0,0,20260831,20261130
SC13443.S0,1,1,1,1,1,0,0,20260727,20261031
SC13467.S0,0,0,0,0,0,0,0,20260301,20261212
SC13188.S0,0,0,0,0,0,0,0,20260701,20261212
SC13470.S0,0,0,0,0,0,1,1,20260817,20260831
SC13472.S0,0,0,0,0,0,1,1,20260901,20260924
SC13441.S0,0,0,0,0,0,1,1,20260925,20261031
SC12740.S0,1,1,1,1,1,0,0,20260614,20261212
SC12741.S0,0,0,0,0,0,0,0,20260614,20261212
SC12743.S0,0,0,0,0,0,1,1,20260614,20261212
SC12744.S0,1,1,1,1,1,0,0,20260831,20261011
SC12745.S0,1,1,1,1,1,0,0,20260831,20261011
SC12746.S0,0,0,0,0,0,1,1,20260831,20261011
SC13602.S0,0,0,0,0,0,0,0,20260614,20261212
SC13607.S0,1,1,1,1,1,0,0,20261001,20261104
SC13414.S0,1,1,1,1,1,0,0,20260907,20261212
SC13165.S0,1,1,1,1,1,0,0,20260701,20261212
SC13059.S0,1,1,1,1,1,0,0,20260125,20260902
SC09598.S0,1,1,1,1,1,0,0,20260929,20261031
SC13167.S0,1,1,1,1,1,0,0,20260727,20260930
SC13062.S0,0,0,0,0,0,0,0,20260903,20260903
SC13064.S0,1,1,1,1,1,0,0,20260904,20260930
SC13408.S0,1,1,1,1,1,0,0,20260727,20260928
SC13487.S0,1,1,1,1,1,0,0,20261003,20261212
SC13005.S0,0,0,0,0,0,0,0,20260614,20261212
SC13009.S0,0,0,0,0,0,0,0,20260617,20261031
SC13013.S0,1,1,1,1,1,0,0,20260713,20260831
SC13017.S0,1,1,1,1,1,0,0,20260901,20260922
SC13019.S0,1,1,1,1,1,0,0,20260923,20261013
SC13207.S0,1,1,1,1,1,0,0,20260713,20261212
SC13479.S0,1,1,1,1,1,0,0,20260614,20261212
SC13418.S0,0,1,1,1,1,1,0,20260927,20261002
SC13201.S0,1,1,1,1,1,0,0,20260301,20261212
SC13204.S0,1,1,1,1,1,0,0,20260825,20261024
SC13421.S0,1,1,1,1,1,0,0,20260301,20261212
SC12964.S0,0,0,0,0,0,0,0,20260701,20261212
SC12969.S0,1,1,1,1,1,0,0,20260817,20261130
SC13147.S0,1,1,1,1,1,0,0,20260701,20260901
SC13190.S0,1,1,1,1,1,0,0,20251214,20261212
SC13194.S0,1,1,1,1,1,0,0,20260803,20260930
SC13483.S0,1,1,1,1,1,0,0,20251214,20261212
SC13584.S0,1,1,1,1,1,0,0,20260901,20260930
SC13516.S0,1,1,1,1,1,0,0,20251214,20260830
SC13522.S0,1,1,1,1,1,0,0,20261031,20261212
SC13406.S0,0,0,0,0,0,0,0,20251214,20261212
SC13061.S0,0,0,0,0,0,1,1,20260125,20260902
SC13065.S0,0,0,0,0,0,1,1,20260904,20260930
SC13411.S0,0,0,0,0,0,1,1,20260301,20260906
SC13415.S0,0,0,0,0,0,1,1,20260907,20261212
SC13419.S0,1,0,0,0,0,1,1,20260927,20261002
SC09529.S0,0,0,0,0,0,1,1,20260301,20260831
SC13489.S0,0,0,0,0,0,1,1,20261003,20261212
SC13491.S0,0,0,0,0,0,1,1,20260901,20261002
SC13420.S0,0,0,0,0,0,0,1,20251214,20260831
SC13481.S0,0,0,0,0,0,1,1,20260614,20261212
SC13482.S0,0,0,0,0,0,1,1,20260727,20260930
SC13007.S0,0,0,0,0,0,0,0,20260614,20261212
SC13011.S0,0,0,0,0,0,0,0,20260617,20261031
SC13015.S0,0,0,0,0,0,1,1,20260713,20260831
SC13018.S0,0,0,0,0,0,1,1,20260901,20260922
SC13020.S0,0,0,0,0,0,1,1,20260923,20261013
SC13200.S0,0,0,0,0,0,1,0,20260831,20261011
SC13585.S0,0,0,0,0,0,1,1,20260901,20260930
SC13413.S0,0,0,0,0,0,0,1,20260301,20260906
SC13417.S0,0,0,0,0,0,0,1,20260907,20261212
SC13520.S0,0,0,0,0,0,1,1,20251214,20260830
SC13524.S0,0,0,0,0,0,1,1,20261031,20261212
SC13529.S0,0,0,0,0,0,1,1,20260831,20260930
SC12965.S0,0,0,0,0,0,0,0,20260701,20261212
SC12966.S0,0,0,0,0,0,0,0,20260701,20261212
SC12967.S0,0,0,0,0,0,0,0,20260701,20261212
SC12968.S0,0,0,0,0,0,0,0,20260701,20261212
SC12970.S0,1,1,1,1,1,0,0,20260817,20261130
SC12971.S0,0,0,0,0,0,1,1,20260817,20261130
SC12972.S0,0,0,0,0,0,0,1,20260817,20261130
SC12973.S0,0,0,0,0,0,0,0,20260817,20261130
SC12974.S0,0,0,0,0,0,0,0,20260817,20261130
SC12977.S0,1,1,1,1,1,0,0,20260614,20261212
SC12979.S0,1,1,1,1,1,0,0,20261005,20261130
SC13587.S0,0,0,0,0,0,0,0,20260614,20261212
SC13589.S0,0,0,0,0,0,0,0,20260803,20260917
SC12978.S0,0,0,0,0,0,0,0,20260614,20261212
SC12980.S0,1,1,1,1,1,0,0,20261005,20261130
SC13610.S0,0,0,0,0,0,0,0,20260614,20261212
SC12981.S0,0,0,0,0,0,0,1,20260701,20261212
SC12982.S0,0,0,0,0,0,0,0,20260614,20261212
SC09594.S0,1,1,1,1,1,0,0,20260901,20260916
SC12983.S0,1,1,1,1,1,0,0,20260901,20260916
SC12984.S0,0,0,0,0,0,1,1,20260901,20260916
SC12985.S0,0,0,0,0,0,1,1,20260917,20261212
SC12989.S0,1,1,1,1,1,0,0,20260908,20261212
SC13023.S0,1,1,1,1,1,0,0,20260701,20260907
SC12986.S0,1,1,1,1,1,0,0,20260614,20261212
SC13189.S0,0,0,0,0,0,0,0,20260701,20260927
SC12987.S0,1,1,1,1,1,0,0,20251214,20260907
SC12988.S0,1,1,1,1,1,0,0,20251214,20260907
SC12995.S0,1,1,1,1,1,0,0,20251214,20261212
SC12998.S0,1,1,1,1,1,0,0,20260629,20261025
SC13003.S0,0,0,0,0,0,1,1,20260801,20260831
SC09638.S0,0,0,0,0,0,1,1,20261001,20261212
SC12997.S0,0,0,0,0,0,0,1,20251214,20261212
SC12999.S0,0,0,0,0,0,0,1,20260629,20261025
SC12990.S0,1,1,1,1,1,0,0,20260614,20261212
SC12991.S0,1,1,1,1,1,0,0,20260614,20261212
SC12992.S0,0,0,0,0,0,0,1,20260614,20261212
SC13025.S0,0,0,0,0,0,0,1,20260908,20261212
SC13024.S0,0,0,0,0,0,0,1,20260701,20260907
SC12994.S0,1,0,0,0,0,0,1,20260928,20261008
SC12996.S0,1,1,1,1,1,0,0,20251214,20261212
SC13000.S0,1,1,1,1,1,0,0,20251214,20261212
SC13001.S0,1,1,1,1,1,0,0,20260801,20260831
SC13002.S0,0,0,0,0,0,0,0,20260801,20260831
SC09636.S0,1,1,1,1,1,0,0,20261001,20261212
SC09637.S0,1,1,1,1,1,0,0,20261001,20261212
SC13004.S0,1,1,1,1,1,0,0,20261001,20261212
SC09609.S0,0,0,0,0,0,0,0,20260614,20260930
SC13006.S0,0,0,0,0,0,0,0,20260614,20261212
SC13604.S0,0,0,0,0,0,0,1,20260614,20261212
SC13609.S0,0,0,0,0,0,0,1,20261001,20261104
SC13008.S0,0,0,0,0,0,0,0,20260614,20261212
SC13010.S0,0,0,0,0,0,0,0,20260617,20261031
SC13012.S0,0,0,0,0,0,0,0,20260617,20261031
SC13014.S0,0,0,0,0,0,0,0,20260713,20260831
SC13583.S0,0,0,0,0,0,1,1,20260713,20261013
SC13016.S0,1,1,1,1,1,0,0,20260713,20260831
SC13605.S0,0,0,0,0,0,0,1,20260901,20260930
SC13021.S0,1,1,1,1,1,0,0,20260714,20261212
SC13022.S0,1,1,1,1,1,0,0,20260714,20261212
SC13038.S0,1,1,1,1,1,0,0,20260101,20260831
SC13202.S0,1,1,1,1,0,0,0,20260301,20261212
SC13205.S0,1,1,1,1,1,0,0,20260825,20261024
SC13206.S0,0,0,0,0,0,0,0,20260825,20261024
SC13060.S0,1,1,1,1,1,0,0,20260125,20260902
SC13168.S0,0,1,1,0,0,0,0,20260727,20260930
SC13063.S0,0,0,0,0,0,0,0,20260903,20260903
SC09489.S0,1,1,1,1,1,0,0,20261001,20261212
SC13166.S0,0,0,0,0,0,0,0,20260701,20261212
SC13066.S0,1,1,1,1,1,0,0,20260704,20261212
SC09630.S0,0,0,0,0,0,0,0,20260614,20261212
SC13138.S0,1,1,1,1,1,0,0,20260614,20261212
SC13170.S0,0,0,0,0,0,0,0,20260614,20261212
SC13174.S0,1,1,1,1,1,0,0,20260826,20261025
SC13162.S0,1,1,1,1,1,0,0,20261025,20261212
SC13163.S0,1,1,1,1,1,0,0,20260701,20260913
SC13164.S0,1,1,1,1,1,0,0,20260914,20261024
SC13148.S0,0,0,0,0,0,0,0,20260701,20260901
SC13173.S0,1,1,1,1,1,0,0,20260826,20261025
SC13169.S0,1,1,1,1,1,0,0,20260614,20261212
SC09570.S0,1,1,1,1,1,0,0,20260901,20260913
SC13151.S0,0,0,0,0,0,0,1,20260701,20261212
SC13150.S0,0,0,0,0,0,1,1,20260701,20261212
SC13152.S0,1,0,0,0,0,1,1,20260928,20261008
SC13146.S0,0,0,0,0,0,0,1,20260701,20261212
SC13154.S0,0,0,0,0,0,0,0,20260701,20261212
SC13155.S0,0,0,0,0,0,0,1,20260901,20260913
SC13156.S0,0,0,0,0,0,0,1,20260914,20261130
SC13171.S0,0,0,0,0,0,0,1,20260614,20261212
SC13172.S0,0,0,0,0,0,0,0,20260614,20261212
SC13175.S0,0,0,0,0,0,0,1,20260826,20261025
SC13176.S0,0,0,0,0,0,0,0,20260826,20261025
SC13177.S0,0,0,0,0,0,0,0,20260701,20261212
SC13178.S0,0,0,0,0,0,0,0,20260701,20261212
SC13179.S0,0,0,0,0,0,0,0,20260701,20261212
SC13180.S0,0,0,0,0,0,0,0,20260701,20261212
SC13181.S0,0,0,0,0,0,0,0,20260701,20261212
SC13182.S0,1,1,1,1,1,0,0,20260727,20261116
SC13183.S0,1,1,1,1,1,0,0,20260727,20261116
SC13184.S0,0,0,0,0,0,0,1,20260727,20261116
SC13185.S0,0,0,0,0,0,1,1,20260727,20261116
SC13186.S0,0,0,0,0,0,0,1,20260727,20261116
SC13209.S0,0,0,0,0,0,1,1,20260713,20261212
SC13412.S0,0,0,0,0,0,0,1,20260301,20260906
SC13416.S0,0,0,0,0,0,0,1,20260907,20261212
SC13191.S0,1,1,1,1,1,0,0,20251214,20261212
SC13192.S0,1,1,1,1,1,0,0,20251214,20261212
SC13193.S0,0,0,0,0,0,0,0,20251214,20261212
SC13195.S0,0,1,1,1,1,0,0,20260803,20260930
SC13196.S0,1,0,0,1,1,0,0,20260803,20260930
SC13197.S0,0,0,0,0,0,0,1,20260614,20261212
SC13198.S0,0,0,0,0,0,1,0,20260614,20261212
SC13199.S0,0,0,0,0,0,0,1,20260831,20261011
SC13203.S0,0,0,0,0,0,0,0,20260301,20261212
SC13208.S0,1,1,1,1,1,0,0,20260713,20261212
SC13210.S0,0,0,0,0,0,0,1,20260713,20261212
SC13407.S0,0,0,0,0,0,0,0,20251214,20261212
SC13409.S0,0,0,0,0,0,0,1,20260727,20260928
SC13410.S0,0,0,0,0,0,0,1,20260929,20261031
SC13485.S0,1,1,1,1,1,0,0,20260907,20261002
SC13422.S0,0,0,0,0,0,0,1,20260830,20261212
SC13423.S0,0,0,0,0,0,0,1,20251214,20261212
SC09624.S0,1,1,1,1,1,0,0,20261201,20261212
SC13424.S0,0,0,0,0,0,0,1,20260301,20261212
SC13447.S0,0,0,0,0,0,0,0,20260614,20261212
SC13451.S0,0,0,0,0,0,0,1,20260707,20260929
SC13454.S0,0,0,0,0,0,0,1,20260930,20261031
SC13425.S0,1,1,1,1,1,0,0,20251214,20261212
SC13477.S0,1,1,1,1,1,0,0,20260817,20260909
SC13476.S0,0,1,1,0,0,0,0,20260817,20260909
SC13427.S0,1,1,1,1,1,0,0,20251214,20261212
SC13428.S0,0,0,0,0,0,0,1,20251214,20261212
SC13429.S0,0,0,0,0,0,0,1,20260901,20261002
SC13431.S0,0,0,0,0,0,0,0,20260301,20261212
SC13432.S0,0,0,0,0,0,0,0,20260301,20261212
SC13466.S0,0,0,0,0,0,0,0,20260301,20261212
SC13433.S0,0,0,0,0,0,0,0,20260301,20261212
SC13435.S0,0,1,1,1,1,0,0,20260817,20260920
SC13436.S0,1,0,0,0,0,0,0,20260817,20260920
SC13437.S0,0,0,0,0,0,1,1,20260817,20260920
SC13439.S0,0,0,0,0,0,0,0,20260921,20260924
SC13442.S0,0,0,0,0,0,0,0,20260301,20261212
SC13445.S0,0,0,0,0,0,0,0,20260614,20261212
SC13446.S0,0,0,0,0,0,0,0,20260614,20261212
SC13449.S0,0,0,0,0,0,0,0,20260707,20260929
SC13450.S0,0,0,0,0,0,0,1,20260707,20260929
SC13453.S0,0,0,0,0,0,0,1,20260930,20261031
SC13456.S0,1,1,1,1,0,0,0,20260301,20261212
SC13457.S0,0,0,0,0,0,0,1,20260301,20261212
SC13458.S0,0,0,0,0,0,1,1,20260301,20261212
SC13509.S0,0,0,0,0,0,1,1,20260707,20260831
SC13504.S0,0,0,0,0,0,0,0,20260614,20261212
SC13505.S0,0,0,0,0,0,0,0,20260614,20261212
SC13510.S0,0,0,0,0,0,0,1,20260707,20260831
SC13459.S0,0,0,0,0,0,0,1,20260301,20261212
SC13460.S0,0,0,0,0,0,0,0,20260301,20261212
SC13461.S0,0,0,0,0,0,0,1,20260901,20260929
SC13462.S0,0,0,0,0,0,1,1,20260901,20260929
SC13463.S0,0,0,0,0,0,0,1,20260901,20260929
SC13514.S0,0,0,0,0,0,1,1,20260930,20261030
SC13515.S0,0,0,0,0,0,0,1,20260930,20261030
SC13464.S0,0,0,0,0,0,0,0,20260930,20261031
SC13469.S0,0,0,0,0,0,0,0,20260817,20260831
SC13480.S0,0,0,0,0,0,0,0,20260614,20261212
SC13484.S0,1,1,1,1,1,0,0,20251214,20261212
SC13486.S0,0,0,0,0,0,1,0,20260301,20260831
SC13518.S0,0,0,0,0,0,1,1,20251214,20260830
SC13488.S0,1,1,1,1,1,0,0,20261003,20261212
SC13490.S0,0,0,0,0,0,1,0,20261003,20261212
SC13492.S0,0,0,0,0,0,1,0,20260901,20261002
SC13527.S0,1,1,1,1,1,0,0,20260831,20260930
SC13561.S0,0,0,0,0,0,0,0,20260701,20261031
SC13554.S0,1,1,1,1,1,0,0,20260707,20260917
SC13503.S0,0,0,0,0,0,0,0,20260614,20261212
SC13493.S0,1,1,1,1,1,0,0,20261201,20261212
SC13513.S0,1,1,1,1,1,0,0,20260930,20261030
SC13495.S0,1,1,1,1,1,0,0,20260301,20261212
SC13497.S0,0,1,1,1,1,0,0,20260801,20261002
SC13588.S0,1,1,1,1,1,0,0,20260803,20260917
SC13537.S0,1,1,1,1,0,0,0,20251214,20261212
SC13573.S0,1,1,1,1,1,0,0,20260901,20261212
SC13553.S0,1,1,1,1,1,0,0,20251214,20261212
SC13556.S0,1,1,1,1,1,0,0,20260918,20260929
SC13557.S0,1,1,1,1,1,0,0,20260930,20261026
SC13540.S0,1,1,1,1,1,0,0,20260831,20260927
SC13543.S0,1,1,1,1,1,0,0,20260928,20261130
SC13552.S0,0,0,0,0,0,1,1,20260918,20261026
SC13499.S0,0,0,0,0,0,0,0,20251214,20261212
SC13500.S0,0,0,0,0,0,0,0,20251214,20261212
SC13501.S0,1,1,1,1,1,0,0,20260707,20260929
SC13546.S0,1,1,1,1,1,0,0,20251214,20261212
SC13507.S0,0,0,0,0,0,0,0,20260707,20260831
SC13508.S0,1,1,1,1,1,0,0,20260707,20260831
SC13511.S0,0,0,0,0,0,0,0,20260707,20260831
SC13517.S0,1,1,1,1,1,0,0,20251214,20260830
SC13519.S0,0,0,0,0,0,0,1,20251214,20260830
SC13548.S0,0,0,0,0,0,1,1,20251214,20261212
SC13550.S0,0,0,0,0,0,1,1,20260701,20261031
SC13521.S0,0,0,0,0,0,0,0,20251214,20260830
SC13523.S0,1,1,1,1,1,0,0,20261031,20261212
SC13525.S0,0,0,0,0,0,0,1,20261031,20261212
SC13526.S0,0,0,0,0,0,0,0,20261031,20261212
SC13528.S0,1,1,1,1,1,0,0,20260831,20260930
SC13530.S0,0,0,0,0,0,0,1,20260831,20260930
SC13531.S0,0,0,0,0,0,0,0,20260831,20260930
SC13532.S0,1,1,1,1,1,0,0,20261001,20261030
SC13533.S0,0,0,0,0,0,0,1,20261001,20261030
SC13534.S0,0,0,0,0,0,0,0,20261001,20261030
SC13538.S0,0,0,0,0,0,0,1,20251214,20261212
SC13541.S0,0,0,0,0,0,0,1,20260831,20260927
SC13544.S0,0,0,0,0,0,0,1,20260928,20261130
SC13547.S0,0,0,0,0,0,1,1,20251214,20261212
SC13563.S0,0,0,0,0,0,0,0,20260701,20261031
SC13567.S0,0,0,0,0,0,1,1,20260707,20260917
SC13578.S0,0,0,0,0,0,1,1,20251214,20261212
SC13580.S0,0,0,0,0,0,1,1,20251214,20261212
SC13555.S0,1,1,1,1,1,0,0,20260707,20260917
SC13558.S0,1,1,1,1,1,0,0,20251214,20261212
SC13559.S0,0,0,0,0,0,0,1,20251214,20261212
SC13564.S0,0,0,0,0,0,0,0,20260701,20261031
SC13568.S0,0,0,0,0,0,0,1,20260707,20260917
SC13570.S0,0,0,0,0,0,0,1,20260918,20261026
SC13571.S0,0,0,0,0,0,1,1,20251214,20260831
SC13574.S0,0,0,0,0,0,1,1,20260901,20261212
SC13576.S0,1,1,1,1,1,0,0,20251214,20261212
SC13577.S0,0,0,0,0,0,1,1,20251214,20261212
SC13579.S0,0,0,0,0,0,1,1,20251214,20261212
SC13581.S0,1,1,1,1,1,0,0,20260301,20261212
SC13582.S0,0,0,0,0,0,1,1,20260301,20261212
SC13586.S0,0,1,1,1,1,0,0,20260614,20261212
SC13590.S0,0,0,0,0,0,0,1,20251214,20261212
SC13591.S0,0,0,0,0,0,0,1,20260831,20260930
SC13592.S0,0,0,0,0,0,0,0,20260614,20261212
SC13593.S0,0,0,0,0,0,0,0,20260614,20261212
SC13596.S0,0,0,0,0,0,0,0,20260614,20261212
SC13599.S0,1,1,1,1,1,0,0,20260803,20261026
SC13600.S0,0,0,0,0,0,1,1,20260803,20261026
SC13597.S0,0,0,0,0,0,0,0,20260614,20261212
SC13594.S0,0,0,0,0,0,0,0,20260701,20261212
SC13632.S0,1,1,1,1,1,0,0,20260101,20261231
SC13633.S0,1,1,1,1,1,0,0,20260101,20261231
SC13634.S0,0,0,0,0,0,0,0,20260101,20261231
SC13635.S0,0,0,0,0,0,0,0,20260101,20261231
SC13636.S0,0,0,0,0,0,0,0,20260101,20261231
SC13637.S0,1,1,1,1,1,1,1,20260901,20260930
SC13638.S0,1,1,1,1,1,0,0,20260101,20260831
