service_id,monday,tuesday,wednesday,thursday,friday,saturday,sunday,start_date,end_date
1,1,1,1,1,1,0,0,20261009,20261211
2,1,1,1,1,1,0,0,20261009,20261211
3,1,1,1,1,1,0,0,20261009,20261211
4,1,1,1,1,1,0,0,20261009,20261204
5,1,1,1,1,1,0,0,20261009,20261009
6,1,1,1,1,1,0,0,20261009,20261120
7,1,1,1,1,1,0,0,20261009,20261113
8,1,1,1,1,1,0,0,20261009,20261113
9,1,1,1,1,1,0,0,20261009,20261020
10,1,1,1,1,1,0,0,20261009,20261016
11,1,1,1,1,1,0,0,20261009,20261021
12,1,1,1,1,1,0,0,20261009,20261104
13,1,1,1,1,1,0,0,20261009,20261211
14,1,1,1,1,1,0,0,20261009,20261211
15,1,1,1,1,1,0,0,20261009,20261029
16,1,1,1,1,1,0,0,20261009,20261030
17,1,1,1,1,1,0,0,20261009,20261211
18,1,1,1,1,1,0,0,20261009,20261016
19,1,1,1,1,1,0,0,20261009,20261211
20,1,1,1,1,1,0,0,20261009,20261016
21,1,1,1,1,1,0,0,20261009,20261211
22,1,1,1,1,1,0,0,20261009,20261130
23,1,1,1,1,1,0,0,20261009,20261013
24,1,1,1,1,1,0,0,20261009,20261211
25,1,1,1,1,1,0,0,20261009,20261106
26,1,1,1,1,1,0,0,20261009,20261014
27,1,1,1,1,1,0,0,20261009,20261211
28,1,1,1,1,1,0,0,20261009,20261211
29,1,1,1,1,1,0,0,20261009,20261027
30,1,1,1,1,1,0,0,20261009,20261211
31,1,1,1,1,1,0,0,20261009,20261109
32,1,1,1,1,1,0,0,20261009,20261125
33,1,1,1,1,1,0,0,20261009,20261106
34,1,1,1,1,1,0,0,20261009,20261106
35,1,1,1,1,1,0,0,20261009,20261130
36,1,1,1,1,1,0,0,20261009,20261130
37,1,1,1,1,1,1,1,20261009,20261211
38,1,1,1,1,1,0,0,20261009,20261211
39,1,1,1,1,1,0,0,20261009,20261012
40,1,1,1,1,1,0,0,20261009,20261211
41,1,1,1,1,1,0,0,20261009,20261211
42,1,1,1,1,1,0,0,20261009,20261120
43,1,1,1,1,1,0,0,20261009,20261120
44,1,1,1,1,1,0,0,20261009,20261125
45,1,1,1,1,1,0,0,20261009,20261211
46,1,1,1,1,1,0,0,20261009,20261204
47,1,1,1,1,1,0,0,20261009,20261211
48,1,1,1,1,1,0,0,20261009,20261211
49,1,1,1,1,1,0,0,20261009,20261103
50,1,1,1,1,1,0,0,20261009,20261211
51,0,0,0,0,0,1,1,20261010,20261212
52,0,0,0,0,0,1,1,20261010,20261212
53,0,0,0,0,0,1,1,20261010,20261212
54,0,0,0,0,0,1,1,20261010,20261010
55,0,0,0,0,0,1,1,20261010,20261212
56,0,0,0,0,0,1,1,20261010,20261115
57,0,0,0,0,0,1,1,20261010,20261212
58,0,0,0,0,0,1,1,20261010,20261212
59,0,0,0,0,0,1,1,20261010,20261018
60,0,0,0,0,0,1,1,20261010,20261017
61,0,0,0,0,0,1,1,20261010,20261018
62,0,0,0,0,0,1,1,20261010,20261101
63,0,0,0,0,0,1,1,20261010,20261031
64,0,0,0,0,0,1,1,20261010,20261031
65,0,0,0,0,0,1,1,20261010,20261212
66,0,0,0,0,0,1,1,20261010,20261025
67,0,0,0,0,0,1,1,20261010,20261024
68,0,0,0,0,0,1,1,20261010,20261028
69,0,0,0,0,0,1,1,20261010,20261212
70,0,0,0,0,0,1,1,20261010,20261017
71,0,0,0,0,0,1,1,20261010,20261212
72,0,0,0,0,0,1,1,20261010,20261212
73,0,0,0,0,0,1,1,20261010,20261212
74,0,0,0,0,0,1,1,20261010,20261212
75,0,0,0,0,0,1,1,20261010,20261206
76,0,0,0,0,0,1,1,20261010,20261117
77,0,0,0,0,0,1,1,20261010,20261101
78,0,0,0,0,0,1,1,20261010,20261129
79,0,0,0,0,0,1,1,20261010,20261011
80,0,0,0,0,0,1,1,20261010,20261107
81,0,0,0,0,0,1,1,20261010,20261212
82,0,0,0,0,0,1,1,20261010,20261212
83,0,0,0,0,0,1,1,20261010,20261031
84,0,0,0,0,0,1,1,20261010,20261212
85,0,0,0,0,0,1,1,20261010,20261031
86,0,0,0,0,0,1,1,20261010,20261108
87,0,0,0,0,0,1,1,20261010,20261108
88,0,0,0,0,0,1,1,20261010,20261107
89,0,0,0,0,0,1,1,20261010,20261212
90,0,0,0,0,0,1,1,20261010,20261128
91,0,0,0,0,0,1,1,20261010,20261122
92,0,0,0,0,0,1,1,20261010,20261122
93,0,0,0,0,0,1,1,20261010,20261025
94,0,0,0,0,0,1,1,20261010,20261024
95,0,0,0,0,0,1,1,20261010,20261212
96,0,0,0,0,0,1,1,20261010,20261212
97,0,0,0,0,0,1,1,20261010,20261212
98,0,0,0,0,0,1,1,20261011,20261206
99,0,0,0,0,0,1,1,20261011,20261212
100,0,0,0,0,0,1,1,20261011,20261206
101,0,0,0,0,0,1,1,20261011,20261206
102,0,0,0,0,0,1,1,20261011,20261206
103,0,0,0,0,0,1,1,20261011,20261011
104,0,0,0,0,0,1,1,20261011,20261101
105,0,0,0,0,0,1,1,20261011,20261212
106,0,0,0,0,0,1,1,20261011,20261025
107,0,0,0,0,0,1,1,20261011,20261025
108,0,0,0,0,0,1,1,20261011,20261028
109,0,0,0,0,0,1,1,20261011,20261115
110,0,0,0,0,0,1,1,20261011,20261117
111,0,0,0,0,0,1,1,20261011,20261212
112,0,0,0,0,0,1,1,20261011,20261206
113,0,0,0,0,0,1,1,20261011,20261117
114,0,0,0,0,0,1,1,20261011,20261117
115,0,0,0,0,0,1,1,20261011,20261108
116,0,0,0,0,0,1,1,20261011,20261206
117,0,0,0,0,0,1,1,20261011,20261206
118,0,0,0,0,0,1,1,20261011,20261129
119,0,0,0,0,0,1,1,20261011,20261025
120,0,0,0,0,0,1,1,20261011,20261115
121,0,0,0,0,0,1,1,20261011,20261206
122,0,0,0,0,0,1,1,20261011,20261101
123,1,1,1,1,1,0,0,20261012,20261210
124,1,1,1,1,1,0,0,20261012,20261016
125,1,1,1,1,1,0,0,20261012,20261211
126,1,1,1,1,1,0,0,20261012,20261211
127,1,1,1,1,1,0,0,20261012,20261013
128,1,1,1,1,1,0,0,20261012,20261021
129,1,1,1,1,1,0,0,20261012,20261020
130,1,1,1,1,1,0,0,20261012,20261207
131,1,1,1,1,1,0,0,20261012,20261210
132,1,1,1,1,1,0,0,20261012,20261210
133,1,1,1,1,1,0,0,20261012,20261014
134,1,1,1,1,1,0,0,20261012,20261204
135,1,1,1,1,1,0,0,20261012,20261029
136,1,1,1,1,1,0,0,20261012,20261030
137,1,1,1,1,1,0,0,20261012,20261210
138,1,1,1,1,1,0,0,20261012,20261027
139,1,1,1,1,1,0,0,20261012,20261203
140,1,1,1,1,1,0,0,20261012,20261204
141,1,1,1,1,1,0,0,20261012,20261105
142,1,1,1,1,1,0,0,20261012,20261106
143,1,1,1,1,1,0,0,20261012,20261130
144,1,1,1,1,1,0,0,20261012,20261015
145,1,1,1,1,1,0,0,20261012,20261021
146,1,1,1,1,1,0,0,20261012,20261210
147,1,1,1,1,1,0,0,20261012,20261210
148,1,1,1,1,1,0,0,20261013,20261210
149,1,1,1,1,1,0,0,20261013,20261126
150,1,1,1,1,1,0,0,20261013,20261211
151,1,1,1,1,1,0,0,20261013,20261211
152,1,1,1,1,1,0,0,20261013,20261119
153,1,1,1,1,1,0,0,20261013,20261013
154,1,1,1,1,1,0,0,20261013,20261210
155,1,1,1,1,1,0,0,20261014,20261211
156,1,1,1,1,1,0,0,20261014,20261210
157,1,1,1,1,1,0,0,20261014,20261130
158,1,1,1,1,1,0,0,20261014,20261030
159,1,1,1,1,1,0,0,20261014,20261027
160,1,1,1,1,1,0,0,20261014,20261130
161,1,1,1,1,1,0,0,20261014,20261020
162,1,1,1,1,1,0,0,20261014,20261211
163,1,1,1,1,1,0,0,20261014,20261211
164,1,1,1,1,1,0,0,20261014,20261016
165,1,1,1,1,1,0,0,20261015,20261211
166,1,1,1,1,1,0,0,20261015,20261211
167,1,1,1,1,1,0,0,20261015,20261109
168,1,1,1,1,1,0,0,20261015,20261125
169,1,1,1,1,1,0,0,20261015,20261125
170,1,1,1,1,1,0,0,20261015,20261210
171,1,1,1,1,1,0,0,20261016,20261211
172,1,1,1,1,1,0,0,20261016,20261204
173,1,1,1,1,1,0,0,20261016,20261016
174,0,0,0,0,0,1,1,20261017,20261018
175,0,0,0,0,0,1,1,20261017,20261017
176,0,0,0,0,0,1,1,20261017,20261024
177,0,0,0,0,0,1,1,20261017,20261117
178,0,0,0,0,0,1,1,20261017,20261114
179,0,0,0,0,0,1,1,20261017,20261212
180,0,0,0,0,0,1,1,20261017,20261212
181,0,0,0,0,0,1,1,20261017,20261212
182,0,0,0,0,0,1,1,20261017,20261031
183,0,0,0,0,0,1,1,20261017,20261028
184,0,0,0,0,0,1,1,20261017,20261101
185,0,0,0,0,0,1,1,20261017,20261212
186,0,0,0,0,0,1,1,20261017,20261031
187,0,0,0,0,0,1,1,20261017,20261206
188,0,0,0,0,0,1,1,20261017,20261206
189,0,0,0,0,0,1,1,20261017,20261206
190,0,0,0,0,0,1,1,20261017,20261129
191,0,0,0,0,0,1,1,20261017,20261205
192,0,0,0,0,0,1,1,20261017,20261101
193,0,0,0,0,0,1,1,20261018,20261018
194,0,0,0,0,0,1,1,20261018,20261212
195,0,0,0,0,0,1,1,20261018,20261206
196,0,0,0,0,0,1,1,20261018,20261206
197,0,0,0,0,0,1,1,20261018,20261031
198,0,0,0,0,0,1,1,20261018,20261206
199,0,0,0,0,0,1,1,20261018,20261025
200,0,0,0,0,0,1,1,20261018,20261129
201,1,1,1,1,1,0,0,20261019,20261021
202,1,1,1,1,1,0,0,20261019,20261211
203,1,1,1,1,1,0,0,20261019,20261209
204,1,1,1,1,1,0,0,20261019,20261130
205,1,1,1,1,1,0,0,20261019,20261130
206,1,1,1,1,1,0,0,20261019,20261210
207,1,1,1,1,1,0,0,20261019,20261211
208,1,1,1,1,1,0,0,20261019,20261103
209,1,1,1,1,1,0,0,20261019,20261103
210,1,1,1,1,1,0,0,20261021,20261104
211,1,1,1,1,1,0,0,20261021,20261021
212,1,1,1,1,1,0,0,20261021,20261103
213,1,1,1,1,1,0,0,20261022,20261104
214,1,1,1,1,1,0,0,20261022,20261104
215,1,1,1,1,1,0,0,20261022,20261103
216,1,1,1,1,1,0,0,20261022,20261211
217,1,1,1,1,1,0,0,20261022,20261211
218,1,1,1,1,1,0,0,20261022,20261106
219,1,1,1,1,1,0,0,20261022,20261125
220,1,1,1,1,1,0,0,20261022,20261030
221,1,1,1,1,1,0,0,20261022,20261120
222,1,1,1,1,1,0,0,20261022,20261211
223,1,1,1,1,1,0,0,20261022,20261120
224,1,1,1,1,1,0,0,20261023,20261030
225,1,1,1,1,1,0,0,20261023,20261211
226,0,0,0,0,0,1,1,20261024,20261101
227,0,0,0,0,0,1,1,20261024,20261024
228,0,0,0,0,0,1,1,20261024,20261028
229,0,0,0,0,0,1,1,20261024,20261028
230,0,0,0,0,0,1,1,20261024,20261212
231,0,0,0,0,0,1,1,20261024,20261101
232,0,0,0,0,0,1,1,20261024,20261212
233,0,0,0,0,0,1,1,20261024,20261122
234,0,0,0,0,0,1,1,20261024,20261212
235,0,0,0,0,0,1,1,20261025,20261025
236,1,1,1,1,1,0,0,20261027,20261116
237,0,0,0,0,0,1,1,20261028,20261117
238,0,0,0,0,0,1,1,20261028,20261028
239,0,0,0,0,0,1,1,20261028,20261206
240,0,0,0,0,0,1,1,20261028,20261212
241,0,0,0,0,0,1,1,20261028,20261212
242,1,1,1,1,1,0,0,20261029,20261030
243,1,1,1,1,1,0,0,20261029,20261029
244,1,1,1,1,1,0,0,20261029,20261116
245,1,1,1,1,1,0,0,20261030,20261030
246,0,0,0,0,0,1,1,20261031,20261031
247,0,0,0,0,0,1,1,20261031,20261101
248,0,0,0,0,0,1,1,20261031,20261212
249,0,0,0,0,0,1,1,20261031,20261212
250,0,0,0,0,0,1,1,20261031,20261212
251,0,0,0,0,0,1,1,20261101,20261101
252,0,0,0,0,0,1,1,20261101,20261206
253,0,0,0,0,0,1,1,20261101,20261206
254,0,0,0,0,0,1,1,20261101,20261212
255,0,0,0,0,0,1,1,20261101,20261212
256,1,1,1,1,1,0,0,20261102,20261211
257,1,1,1,1,1,0,0,20261102,20261211
258,1,1,1,1,1,0,0,20261102,20261204
259,1,1,1,1,1,0,0,20261102,20261120
260,1,1,1,1,1,0,0,20261104,20261104
261,1,1,1,1,1,0,0,20261104,20261211
262,1,1,1,1,1,0,0,20261105,20261211
263,1,1,1,1,1,0,0,20261105,20261210
264,1,1,1,1,1,0,0,20261106,20261211
265,0,0,0,0,0,1,1,20261107,20261212
266,0,0,0,0,0,1,1,20261107,20261212
267,0,0,0,0,0,1,1,20261107,20261212
268,0,0,0,0,0,1,1,20261107,20261212
269,0,0,0,0,0,1,1,20261108,20261206
270,0,0,0,0,0,1,1,20261108,20261206
271,1,1,1,1,1,0,0,20261109,20261204
272,1,1,1,1,1,0,0,20261109,20261210
273,1,1,1,1,1,0,0,20261109,20261211
274,1,1,1,1,1,0,0,20261109,20261125
275,1,1,1,1,1,0,0,20261109,20261109
276,1,1,1,1,1,0,0,20261110,20261211
277,1,1,1,1,1,0,0,20261113,20261211
278,0,0,0,0,0,1,1,20261114,20261212
279,0,0,0,0,0,1,1,20261114,20261212
280,0,0,0,0,0,1,1,20261114,20261212
281,0,0,0,0,0,1,1,20261114,20261212
282,0,0,0,0,0,1,1,20261115,20261206
283,1,1,1,1,1,0,0,20261116,20261211
284,1,1,1,1,1,0,0,20261116,20261204
285,1,1,1,1,1,0,0,20261116,20261116
286,0,0,0,0,0,1,1,20261117,20261117
287,0,0,0,0,0,1,1,20261121,20261212
288,0,0,0,0,0,1,1,20261121,20261212
289,0,0,0,0,0,1,1,20261122,20261206
290,1,1,1,1,1,0,0,20261123,20261211
291,1,1,1,1,1,0,0,20261123,20261211
292,1,1,1,1,1,0,0,20261124,20261210
293,1,1,1,1,1,0,0,20261126,20261211
294,0,0,0,0,0,1,1,20261128,20261212
295,1,1,1,1,1,0,0,20261201,20261211
296,1,1,1,1,1,0,0,20261201,20261210
297,1,1,1,1,1,0,0,20261204,20261211
298,0,0,0,0,0,1,1,20261205,20261212
299,0,0,0,0,0,1,1,20261205,20261212
300,0,0,0,0,0,1,1,20261206,20261206
301,1,1,1,1,1,0,0,20261207,20261211
302,1,1,1,1,1,0,0,20261207,20261210
303,1,1,1,1,1,0,0,20261211,20261211
304,0,0,0,0,0,1,1,20261212,20261212
305,0,1,1,1,1,1,0,20261010,20261212
306,0,0,0,0,0,1,1,20261010,20261212
307,1,0,0,0,0,0,1,20261011,20261213
308,1,0,0,0,0,0,1,20261011,20261019
309,0,0,0,0,1,1,0,20261009,20261211
310,0,0,0,0,1,1,0,20261009,20261211
311,0,0,0,0,1,1,0,20261009,20261009
312,0,0,0,0,1,1,0,20261009,20261212
313,0,0,0,0,0,1,1,20261011,20261206
314,0,0,0,0,1,1,0,20261010,20261211
315,0,0,0,0,0,1,1,20261011,20261028
316,1,1,1,1,1,0,0,20261012,20261012
317,1,1,1,1,0,0,1,20261011,20261210
318,1,1,1,1,1,0,0,20261012,20261211
319,1,1,1,1,0,0,1,20261011,20261210
320,1,1,1,1,1,0,0,20261013,20261016
321,1,1,1,1,1,0,0,20261013,20261015
322,1,1,1,1,1,0,0,20261013,20261014
323,1,1,1,1,1,0,0,20261015,20261015
324,0,0,0,0,0,1,1,20261017,20261212
325,0,0,0,0,0,1,1,20261024,20261212
326,1,0,0,0,0,0,1,20261025,20261213
327,1,0,0,0,0,0,1,20261029,20261118
328,0,0,0,0,1,1,0,20261027,20261116
329,1,1,1,1,0,0,1,20261028,20261115
330,1,1,1,1,1,1,1,20261029,20261031
331,0,0,0,0,1,1,0,20261212,20261212
