service_id,date,exception_type
1,20261028,2
1,20261117,2
2,20261012,2
2,20261013,2
2,20261014,2
2,20261015,2
2,20261019,2
2,20261020,2
2,20261021,2
2,20261022,2
2,20261026,2
2,20261028,2
2,20261029,2
2,20261030,2
2,20261102,2
2,20261103,2
2,20261104,2
2,20261105,2
2,20261109,2
2,20261110,2
2,20261111,2
2,20261112,2
2,20261116,2
2,20261117,2
2,20261118,2
2,20261119,2
2,20261123,2
2,20261124,2
2,20261125,2
2,20261126,2
2,20261130,2
2,20261201,2
2,20261202,2
2,20261203,2
2,20261207,2
2,20261208,2
2,20261209,2
2,20261210,2
3,20261012,2
3,20261013,2
3,20261014,2
3,20261015,2
3,20261016,2
3,20261028,2
3,20261117,2
4,20261028,2
4,20261117,2
6,20261028,2
6,20261117,2
7,20261028,2
8,20261028,2
8,20261029,2
8,20261030,2
10,20261012,2
10,20261013,2
10,20261014,2
10,20261015,2
12,20261028,2
13,20261012,2
13,20261013,2
13,20261014,2
13,20261015,2
13,20261019,2
13,20261020,2
13,20261021,2
13,20261022,2
13,20261026,2
13,20261028,2
13,20261029,2
13,20261102,2
13,20261103,2
13,20261104,2
13,20261105,2
13,20261109,2
13,20261110,2
13,20261111,2
13,20261112,2
13,20261117,2
13,20261118,2
13,20261119,2
13,20261123,2
13,20261124,2
13,20261125,2
13,20261126,2
13,20261130,2
13,20261201,2
13,20261202,2
13,20261203,2
13,20261207,2
13,20261208,2
13,20261209,2
13,20261210,2
14,20261012,2
14,20261019,2
14,20261026,2
14,20261028,2
14,20261029,2
14,20261102,2
14,20261109,2
14,20261116,2
14,20261117,2
14,20261118,2
14,20261123,2
14,20261130,2
14,20261207,2
15,20261028,2
16,20261028,2
17,20261026,2
17,20261028,2
17,20261117,2
17,20261208,2
19,20261012,2
19,20261013,2
19,20261014,2
19,20261015,2
19,20261019,2
19,20261020,2
19,20261021,2
19,20261022,2
19,20261026,2
19,20261027,2
19,20261028,2
19,20261029,2
19,20261102,2
19,20261103,2
19,20261104,2
19,20261105,2
19,20261109,2
19,20261110,2
19,20261111,2
19,20261112,2
19,20261116,2
19,20261117,2
19,20261118,2
19,20261119,2
19,20261123,2
19,20261124,2
19,20261125,2
19,20261126,2
19,20261130,2
19,20261201,2
19,20261202,2
19,20261203,2
19,20261207,2
19,20261208,2
19,20261209,2
19,20261210,2
20,20261012,2
20,20261013,2
20,20261014,2
21,20261028,2
21,20261029,2
21,20261030,2
21,20261117,2
22,20261028,2
22,20261117,2
24,20261013,2
24,20261014,2
24,20261015,2
24,20261020,2
24,20261021,2
24,20261022,2
24,20261027,2
24,20261028,2
24,20261029,2
24,20261030,2
24,20261103,2
24,20261104,2
24,20261105,2
24,20261110,2
24,20261111,2
24,20261112,2
24,20261117,2
24,20261118,2
24,20261119,2
24,20261124,2
24,20261125,2
24,20261126,2
24,20261201,2
24,20261202,2
24,20261203,2
24,20261208,2
24,20261209,2
24,20261210,2
25,20261028,2
27,20261014,2
27,20261015,2
27,20261016,2
27,20261019,2
27,20261020,2
27,20261021,2
27,20261022,2
27,20261023,2
27,20261026,2
27,20261027,2
27,20261028,2
27,20261029,2
27,20261030,2
27,20261117,2
28,20261012,2
28,20261013,2
28,20261014,2
28,20261015,2
28,20261016,2
28,20261019,2
28,20261020,2
28,20261021,2
28,20261022,2
28,20261023,2
28,20261026,2
28,20261027,2
28,20261028,2
28,20261029,2
28,20261030,2
28,20261102,2
28,20261103,2
28,20261104,2
28,20261105,2
28,20261106,2
28,20261109,2
28,20261110,2
28,20261111,2
28,20261112,2
28,20261113,2
28,20261116,2
28,20261117,2
28,20261118,2
28,20261119,2
28,20261120,2
28,20261123,2
28,20261124,2
28,20261125,2
28,20261126,2
28,20261127,2
28,20261130,2
30,20261028,2
30,20261029,2
30,20261030,2
30,20261116,2
30,20261117,2
31,20261028,2
32,20261028,2
32,20261117,2
33,20261012,2
33,20261013,2
33,20261014,2
33,20261015,2
33,20261019,2
33,20261020,2
33,20261021,2
33,20261022,2
33,20261026,2
33,20261028,2
33,20261029,2
33,20261102,2
33,20261103,2
33,20261104,2
33,20261105,2
34,20261028,2
34,20261029,2
34,20261030,2
35,20261028,2
35,20261029,2
35,20261030,2
35,20261117,2
36,20261013,2
36,20261014,2
36,20261015,2
36,20261020,2
36,20261021,2
36,20261022,2
36,20261027,2
36,20261028,2
36,20261029,2
36,20261103,2
36,20261104,2
36,20261105,2
36,20261110,2
36,20261111,2
36,20261112,2
36,20261117,2
36,20261118,2
36,20261119,2
36,20261124,2
36,20261125,2
36,20261126,2
37,20261010,2
37,20261011,2
37,20261017,2
37,20261018,2
37,20261024,2
37,20261025,2
37,20261028,2
37,20261031,2
37,20261101,2
37,20261107,2
37,20261108,2
37,20261114,2
37,20261115,2
37,20261117,2
37,20261121,2
37,20261122,2
37,20261128,2
37,20261129,2
37,20261205,2
37,20261206,2
38,20261012,2
38,20261013,2
38,20261014,2
38,20261015,2
38,20261016,2
38,20261028,2
38,20261029,2
38,20261030,2
38,20261117,2
40,20261014,2
40,20261015,2
40,20261016,2
40,20261019,2
40,20261020,2
40,20261028,2
40,20261117,2
41,20261012,2
41,20261013,2
41,20261014,2
41,20261015,2
41,20261016,2
41,20261019,2
41,20261020,2
41,20261021,2
41,20261022,2
41,20261026,2
41,20261027,2
41,20261028,2
41,20261029,2
41,20261102,2
41,20261103,2
41,20261104,2
41,20261105,2
41,20261109,2
41,20261110,2
41,20261111,2
41,20261112,2
41,20261116,2
41,20261117,2
41,20261118,2
41,20261119,2
41,20261123,2
41,20261124,2
41,20261125,2
41,20261126,2
41,20261130,2
41,20261201,2
41,20261202,2
41,20261203,2
41,20261207,2
41,20261208,2
41,20261209,2
41,20261210,2
42,20261028,2
42,20261029,2
42,20261030,2
42,20261117,2
43,20261013,2
43,20261015,2
43,20261020,2
43,20261022,2
43,20261028,2
43,20261029,2
43,20261103,2
43,20261105,2
43,20261110,2
43,20261112,2
43,20261117,2
43,20261119,2
44,20261028,2
44,20261029,2
44,20261030,2
44,20261117,2
45,20261012,2
45,20261013,2
45,20261014,2
45,20261015,2
45,20261019,2
45,20261020,2
45,20261021,2
45,20261022,2
45,20261026,2
45,20261027,2
45,20261028,2
45,20261029,2
45,20261030,2
45,20261102,2
45,20261103,2
45,20261104,2
45,20261105,2
45,20261109,2
45,20261110,2
45,20261111,2
45,20261112,2
45,20261116,2
45,20261117,2
45,20261118,2
45,20261119,2
45,20261123,2
45,20261124,2
45,20261125,2
45,20261126,2
45,20261130,2
45,20261201,2
45,20261202,2
45,20261203,2
45,20261207,2
45,20261208,2
45,20261209,2
45,20261210,2
46,20261028,2
46,20261029,2
46,20261030,2
46,20261117,2
47,20261012,2
47,20261013,2
47,20261014,2
47,20261015,2
47,20261019,2
47,20261020,2
47,20261021,2
47,20261022,2
47,20261026,2
47,20261028,2
47,20261029,2
47,20261030,2
47,20261102,2
47,20261103,2
47,20261104,2
47,20261105,2
47,20261109,2
47,20261110,2
47,20261111,2
47,20261112,2
47,20261117,2
47,20261118,2
47,20261119,2
47,20261123,2
47,20261124,2
47,20261125,2
47,20261126,2
47,20261130,2
47,20261201,2
47,20261202,2
47,20261203,2
47,20261207,2
47,20261208,2
47,20261209,2
47,20261210,2
48,20261013,2
48,20261015,2
48,20261020,2
48,20261022,2
48,20261027,2
48,20261028,2
48,20261029,2
48,20261030,2
48,20261103,2
48,20261105,2
48,20261110,2
48,20261112,2
48,20261117,2
48,20261119,2
48,20261124,2
48,20261126,2
48,20261201,2
48,20261203,2
48,20261208,2
48,20261210,2
49,20261028,2
49,20261029,2
49,20261030,2
50,20261028,2
50,20261116,2
50,20261117,2
51,20261028,1
51,20261117,1
52,20261017,2
52,20261018,2
52,20261028,1
52,20261117,1
53,20261011,2
53,20261017,2
53,20261018,2
53,20261025,2
53,20261101,2
53,20261108,2
53,20261115,2
53,20261122,2
53,20261129,2
53,20261206,2
55,20261011,2
55,20261018,2
55,20261025,2
55,20261101,2
55,20261108,2
55,20261115,2
55,20261122,2
55,20261129,2
55,20261206,2
57,20261011,2
57,20261018,2
57,20261025,2
57,20261028,1
57,20261101,2
57,20261108,2
57,20261115,2
57,20261122,2
57,20261129,2
57,20261206,2
58,20261011,2
58,20261018,2
58,20261025,2
58,20261028,1
58,20261101,2
58,20261108,2
58,20261115,2
58,20261117,1
58,20261122,2
58,20261129,2
58,20261206,2
60,20261011,2
61,20261011,2
62,20261028,1
63,20261011,2
63,20261018,2
63,20261025,2
64,20261011,2
64,20261018,2
64,20261025,2
64,20261028,1
65,20261024,2
65,20261028,1
65,20261101,2
65,20261117,1
67,20261011,2
67,20261018,2
68,20261028,1
69,20261011,2
69,20261018,2
69,20261024,2
69,20261025,2
69,20261101,2
69,20261108,2
69,20261115,2
69,20261122,2
69,20261129,2
69,20261206,2
71,20261011,2
71,20261018,2
71,20261025,2
71,20261028,1
71,20261031,2
71,20261101,2
71,20261108,2
71,20261115,2
71,20261117,1
71,20261122,2
71,20261129,2
71,20261206,2
72,20261018,2
72,20261028,1
72,20261031,2
72,20261117,1
73,20261011,2
73,20261018,2
73,20261025,2
73,20261031,2
73,20261101,2
73,20261108,2
73,20261115,2
73,20261122,2
73,20261129,2
73,20261206,2
74,20261018,2
74,20261031,2
75,20261011,2
75,20261017,2
75,20261018,2
75,20261024,2
75,20261025,2
75,20261031,2
75,20261101,2
75,20261107,2
75,20261108,2
75,20261114,2
75,20261115,2
75,20261121,2
75,20261128,2
75,20261205,2
76,20261011,2
76,20261018,2
76,20261025,2
76,20261101,2
76,20261108,2
76,20261115,2
76,20261117,1
78,20261028,1
78,20261117,1
80,20261011,2
80,20261018,2
80,20261025,2
80,20261028,1
80,20261101,2
81,20261011,2
81,20261017,2
81,20261018,2
81,20261024,2
81,20261025,2
81,20261031,2
81,20261101,2
81,20261108,2
81,20261115,2
81,20261117,1
81,20261122,2
81,20261129,2
81,20261206,2
84,20261011,2
84,20261018,2
84,20261025,2
84,20261101,2
84,20261108,2
84,20261122,2
84,20261129,2
84,20261206,2
85,20261028,1
86,20261028,1
88,20261011,2
88,20261018,2
88,20261025,2
88,20261101,2
89,20261117,1
90,20261011,2
90,20261018,2
90,20261025,2
90,20261101,2
90,20261108,2
90,20261115,2
90,20261122,2
92,20261028,1
92,20261117,1
93,20261017,2
93,20261018,2
94,20261011,2
94,20261017,2
94,20261018,2
95,20261017,2
95,20261018,2
95,20261024,2
95,20261025,2
95,20261031,2
95,20261101,2
95,20261107,2
95,20261108,2
95,20261114,2
95,20261115,2
95,20261121,2
95,20261122,2
95,20261128,2
95,20261129,2
96,20261011,2
96,20261018,2
96,20261025,2
96,20261028,1
96,20261101,2
96,20261108,2
96,20261122,2
96,20261129,2
96,20261206,2
97,20261011,2
97,20261017,2
97,20261018,2
97,20261025,2
97,20261028,1
97,20261101,2
97,20261108,2
97,20261115,2
97,20261117,1
97,20261122,2
97,20261129,2
97,20261206,2
98,20261017,2
98,20261018,2
98,20261024,2
98,20261028,1
98,20261031,2
98,20261107,2
98,20261114,2
98,20261117,1
98,20261121,2
98,20261128,2
98,20261205,2
100,20261017,2
100,20261024,2
100,20261028,1
100,20261031,2
100,20261107,2
100,20261114,2
100,20261117,1
100,20261121,2
100,20261128,2
100,20261205,2
101,20261017,2
101,20261024,2
101,20261031,2
101,20261107,2
101,20261114,2
101,20261121,2
101,20261128,2
101,20261205,2
102,20261017,2
102,20261024,2
102,20261031,2
102,20261107,2
102,20261114,2
102,20261117,1
102,20261121,2
102,20261128,2
102,20261205,2
104,20261017,2
104,20261024,2
104,20261028,1
104,20261031,2
105,20261017,2
105,20261028,1
105,20261117,1
106,20261017,2
106,20261024,2
108,20261017,2
108,20261024,2
108,20261028,1
109,20261017,2
109,20261024,2
109,20261031,2
109,20261107,2
109,20261114,2
110,20261017,2
110,20261024,2
110,20261031,2
110,20261107,2
110,20261114,2
110,20261117,1
111,20261028,1
111,20261117,1
112,20261017,2
112,20261018,2
112,20261024,2
112,20261031,2
112,20261107,2
112,20261114,2
112,20261121,2
112,20261128,2
112,20261205,2
113,20261028,1
113,20261117,1
114,20261017,2
114,20261024,2
114,20261028,1
114,20261031,2
114,20261107,2
114,20261114,2
114,20261117,1
115,20261017,2
115,20261024,2
115,20261031,2
115,20261107,2
116,20261017,2
116,20261018,2
116,20261024,2
116,20261025,2
116,20261031,2
116,20261107,2
116,20261114,2
116,20261121,2
116,20261128,2
116,20261205,2
117,20261017,2
117,20261024,2
117,20261031,2
117,20261107,2
117,20261114,2
117,20261115,2
117,20261121,2
117,20261128,2
117,20261205,2
118,20261017,2
118,20261024,2
118,20261031,2
118,20261107,2
118,20261114,2
118,20261121,2
118,20261128,2
119,20261017,2
119,20261018,2
119,20261024,2
121,20261028,1
121,20261117,1
122,20261017,2
122,20261024,2
122,20261031,2
123,20261016,2
123,20261023,2
123,20261027,2
123,20261028,2
123,20261106,2
123,20261113,2
123,20261117,2
123,20261120,2
123,20261127,2
123,20261204,2
125,20261028,2
125,20261117,2
126,20261028,2
126,20261029,2
126,20261030,2
126,20261117,2
128,20261016,2
129,20261016,2
130,20261013,2
130,20261014,2
130,20261015,2
130,20261016,2
130,20261020,2
130,20261021,2
130,20261022,2
130,20261023,2
130,20261027,2
130,20261028,2
130,20261030,2
130,20261103,2
130,20261104,2
130,20261105,2
130,20261106,2
130,20261110,2
130,20261111,2
130,20261112,2
130,20261113,2
130,20261117,2
130,20261119,2
130,20261120,2
130,20261124,2
130,20261125,2
130,20261126,2
130,20261127,2
130,20261201,2
130,20261202,2
130,20261203,2
130,20261204,2
131,20261016,2
131,20261023,2
131,20261027,2
131,20261028,2
131,20261030,2
131,20261106,2
131,20261113,2
131,20261116,2
131,20261117,2
131,20261120,2
131,20261127,2
131,20261204,2
132,20261016,2
132,20261023,2
132,20261028,2
132,20261030,2
132,20261106,2
132,20261113,2
132,20261117,2
132,20261120,2
132,20261127,2
132,20261204,2
134,20261028,2
134,20261117,2
135,20261028,2
136,20261028,2
137,20261016,2
137,20261023,2
137,20261027,2
137,20261028,2
137,20261029,2
137,20261030,2
137,20261106,2
137,20261113,2
137,20261117,2
137,20261120,2
137,20261127,2
137,20261204,2
139,20261016,2
139,20261023,2
139,20261028,2
139,20261029,2
139,20261030,2
139,20261106,2
139,20261113,2
139,20261117,2
139,20261120,2
139,20261127,2
140,20261028,2
140,20261029,2
140,20261030,2
140,20261117,2
141,20261016,2
141,20261023,2
141,20261027,2
141,20261028,2
141,20261030,2
142,20261028,2
142,20261029,2
142,20261030,2
143,20261028,2
143,20261117,2
146,20261016,2
146,20261023,2
146,20261028,2
146,20261029,2
146,20261030,2
146,20261106,2
146,20261113,2
146,20261117,2
146,20261120,2
146,20261127,2
146,20261204,2
147,20261016,2
147,20261023,2
147,20261027,2
147,20261028,2
147,20261029,2
147,20261030,2
147,20261106,2
147,20261113,2
147,20261116,2
147,20261117,2
147,20261120,2
147,20261127,2
147,20261204,2
148,20261016,2
148,20261019,2
148,20261023,2
148,20261026,2
148,20261028,2
148,20261029,2
148,20261030,2
148,20261102,2
148,20261106,2
148,20261109,2
148,20261113,2
148,20261116,2
148,20261117,2
148,20261120,2
148,20261123,2
148,20261127,2
148,20261130,2
148,20261204,2
148,20261207,2
149,20261016,2
149,20261019,2
149,20261023,2
149,20261026,2
149,20261028,2
149,20261030,2
149,20261102,2
149,20261106,2
149,20261109,2
149,20261113,2
149,20261116,2
149,20261117,2
149,20261120,2
149,20261123,2
150,20261014,2
150,20261015,2
150,20261016,2
150,20261019,2
150,20261020,2
150,20261028,2
150,20261029,2
150,20261030,2
150,20261117,2
151,20261014,2
151,20261015,2
151,20261016,2
151,20261019,2
151,20261020,2
151,20261028,2
151,20261117,2
152,20261014,2
152,20261016,2
152,20261019,2
152,20261021,2
152,20261023,2
152,20261026,2
152,20261027,2
152,20261028,2
152,20261030,2
152,20261102,2
152,20261104,2
152,20261106,2
152,20261109,2
152,20261111,2
152,20261113,2
152,20261116,2
152,20261117,2
152,20261118,2
154,20261014,2
154,20261016,2
154,20261019,2
154,20261021,2
154,20261023,2
154,20261026,2
154,20261028,2
154,20261030,2
154,20261102,2
154,20261104,2
154,20261106,2
154,20261109,2
154,20261111,2
154,20261113,2
154,20261116,2
154,20261117,2
154,20261118,2
154,20261120,2
154,20261123,2
154,20261125,2
154,20261127,2
154,20261130,2
154,20261202,2
154,20261204,2
154,20261207,2
154,20261209,2
155,20261028,2
155,20261117,2
156,20261016,2
156,20261023,2
156,20261027,2
156,20261028,2
156,20261030,2
156,20261106,2
156,20261113,2
156,20261116,2
156,20261117,2
156,20261120,2
156,20261127,2
156,20261204,2
157,20261028,2
157,20261029,2
157,20261030,2
157,20261117,2
158,20261028,2
160,20261028,2
160,20261117,2
162,20261028,2
162,20261029,2
162,20261030,2
162,20261117,2
163,20261015,2
163,20261020,2
163,20261022,2
163,20261027,2
163,20261028,2
163,20261029,2
163,20261103,2
163,20261105,2
163,20261110,2
163,20261112,2
163,20261117,2
163,20261119,2
163,20261124,2
163,20261126,2
163,20261201,2
163,20261203,2
163,20261208,2
163,20261210,2
165,20261028,2
165,20261029,2
165,20261030,2
165,20261117,2
166,20261028,2
166,20261117,2
167,20261028,2
168,20261028,2
168,20261029,2
168,20261030,2
168,20261117,2
169,20261028,2
169,20261117,2
170,20261016,2
170,20261019,2
170,20261021,2
170,20261023,2
170,20261026,2
170,20261028,2
170,20261029,2
170,20261030,2
170,20261102,2
170,20261104,2
170,20261106,2
170,20261109,2
170,20261111,2
170,20261113,2
170,20261116,2
170,20261117,2
170,20261118,2
170,20261120,2
170,20261123,2
170,20261125,2
170,20261127,2
170,20261130,2
170,20261202,2
170,20261204,2
170,20261207,2
170,20261209,2
171,20261019,2
171,20261020,2
171,20261021,2
171,20261022,2
171,20261026,2
171,20261028,2
171,20261029,2
171,20261102,2
171,20261103,2
171,20261104,2
171,20261105,2
171,20261109,2
171,20261110,2
171,20261111,2
171,20261112,2
171,20261117,2
171,20261118,2
171,20261119,2
171,20261123,2
171,20261124,2
171,20261125,2
171,20261126,2
171,20261130,2
171,20261201,2
171,20261202,2
171,20261203,2
171,20261207,2
171,20261208,2
171,20261209,2
171,20261210,2
172,20261019,2
172,20261020,2
172,20261021,2
172,20261022,2
172,20261026,2
172,20261027,2
172,20261028,2
172,20261029,2
172,20261030,2
172,20261102,2
172,20261103,2
172,20261104,2
172,20261105,2
172,20261109,2
172,20261110,2
172,20261111,2
172,20261112,2
172,20261116,2
172,20261117,2
172,20261118,2
172,20261119,2
172,20261123,2
172,20261124,2
172,20261125,2
172,20261126,2
172,20261130,2
172,20261201,2
172,20261202,2
172,20261203,2
176,20261018,2
177,20261018,2
177,20261025,2
177,20261028,1
177,20261101,2
177,20261108,2
177,20261115,2
177,20261117,1
178,20261018,2
178,20261025,2
178,20261101,2
178,20261108,2
179,20261018,2
179,20261025,2
179,20261101,2
179,20261108,2
179,20261115,2
179,20261122,2
179,20261129,2
179,20261206,2
180,20261018,2
180,20261025,2
180,20261028,1
180,20261101,2
180,20261108,2
180,20261115,2
180,20261117,1
180,20261122,2
180,20261129,2
180,20261206,2
182,20261018,2
182,20261025,2
182,20261028,1
183,20261028,1
185,20261028,1
185,20261117,1
186,20261028,1
187,20261018,2
187,20261025,2
187,20261028,1
187,20261117,1
188,20261028,1
188,20261117,1
190,20261028,1
190,20261117,1
191,20261018,2
191,20261025,2
191,20261101,2
191,20261108,2
191,20261115,2
191,20261122,2
191,20261129,2
192,20261028,1
194,20261028,1
194,20261117,1
195,20261024,2
195,20261028,1
195,20261031,2
195,20261107,2
195,20261114,2
195,20261115,2
195,20261117,1
195,20261121,2
195,20261128,2
195,20261205,2
196,20261024,2
196,20261028,1
196,20261031,2
196,20261107,2
196,20261114,2
196,20261117,1
196,20261121,2
196,20261128,2
196,20261205,2
197,20261024,2
197,20261025,2
198,20261024,2
198,20261031,2
198,20261107,2
198,20261114,2
198,20261121,2
198,20261128,2
198,20261205,2
199,20261024,2
200,20261028,1
200,20261117,1
202,20261028,2
202,20261117,2
203,20261022,2
203,20261023,2
203,20261028,2
203,20261029,2
203,20261030,2
203,20261105,2
203,20261106,2
203,20261112,2
203,20261113,2
203,20261117,2
203,20261119,2
203,20261120,2
203,20261126,2
203,20261127,2
203,20261203,2
203,20261204,2
204,20261028,2
204,20261117,2
205,20261028,2
205,20261029,2
205,20261030,2
205,20261117,2
206,20261023,2
206,20261028,2
206,20261030,2
206,20261106,2
206,20261113,2
206,20261117,2
206,20261120,2
206,20261127,2
206,20261204,2
207,20261028,2
207,20261029,2
207,20261030,2
207,20261117,2
208,20261028,2
209,20261028,2
209,20261029,2
209,20261030,2
210,20261028,2
212,20261028,2
213,20261023,2
213,20261027,2
213,20261028,2
213,20261030,2
214,20261028,2
215,20261028,2
216,20261028,2
216,20261117,2
217,20261026,2
217,20261027,2
217,20261028,2
217,20261102,2
217,20261103,2
217,20261104,2
217,20261109,2
217,20261110,2
217,20261111,2
217,20261116,2
217,20261117,2
217,20261118,2
217,20261123,2
217,20261124,2
217,20261125,2
217,20261130,2
217,20261201,2
217,20261202,2
217,20261207,2
217,20261208,2
217,20261209,2
218,20261028,2
219,20261028,2
219,20261117,2
220,20261028,2
221,20261028,2
221,20261117,2
222,20261028,2
222,20261029,2
222,20261030,2
222,20261117,2
223,20261028,2
223,20261029,2
223,20261030,2
223,20261117,2
224,20261026,2
224,20261028,2
224,20261029,2
225,20261026,2
225,20261028,2
225,20261029,2
225,20261102,2
225,20261103,2
225,20261104,2
225,20261105,2
225,20261109,2
225,20261110,2
225,20261111,2
225,20261112,2
225,20261117,2
225,20261118,2
225,20261119,2
225,20261123,2
225,20261124,2
225,20261125,2
225,20261126,2
225,20261130,2
225,20261201,2
225,20261202,2
225,20261203,2
225,20261207,2
225,20261208,2
225,20261209,2
225,20261210,2
226,20261028,1
226,20261031,2
228,20261028,1
229,20261025,2
229,20261028,1
230,20261025,2
230,20261028,1
230,20261101,2
230,20261108,2
230,20261115,2
230,20261117,1
230,20261122,2
230,20261129,2
230,20261206,2
231,20261025,2
231,20261031,2
232,20261028,1
232,20261117,1
233,20261028,1
233,20261117,1
234,20261025,2
234,20261101,2
234,20261108,2
234,20261115,2
234,20261122,2
234,20261129,2
234,20261206,2
236,20261028,2
236,20261029,2
236,20261030,2
236,20261102,2
236,20261103,2
236,20261104,2
236,20261105,2
236,20261106,2
236,20261109,2
236,20261110,2
236,20261111,2
236,20261112,2
236,20261113,2
237,20261028,1
237,20261031,2
237,20261101,2
237,20261107,2
237,20261108,2
237,20261114,2
237,20261115,2
237,20261117,1
238,20261028,1
239,20261028,1
239,20261031,2
239,20261107,2
239,20261114,2
239,20261117,1
239,20261121,2
239,20261128,2
239,20261205,2
240,20261028,1
240,20261117,1
241,20261028,1
241,20261101,2
241,20261108,2
241,20261115,2
241,20261117,1
241,20261122,2
241,20261129,2
241,20261206,2
244,20261102,2
244,20261103,2
244,20261104,2
244,20261105,2
244,20261106,2
244,20261109,2
244,20261110,2
244,20261111,2
244,20261112,2
244,20261113,2
248,20261101,2
248,20261108,2
248,20261115,2
248,20261122,2
248,20261129,2
248,20261206,2
249,20261117,1
250,20261101,2
250,20261108,2
250,20261115,2
250,20261117,1
250,20261122,2
250,20261129,2
250,20261206,2
252,20261107,2
252,20261114,2
252,20261121,2
252,20261128,2
252,20261205,2
253,20261107,2
253,20261114,2
253,20261117,1
253,20261121,2
253,20261128,2
253,20261205,2
254,20261117,1
256,20261117,2
257,20261116,2
257,20261117,2
258,20261117,2
259,20261117,2
261,20261117,2
262,20261117,2
263,20261106,2
263,20261113,2
263,20261116,2
263,20261117,2
263,20261120,2
263,20261127,2
263,20261204,2
264,20261109,2
264,20261110,2
264,20261111,2
264,20261112,2
264,20261117,2
264,20261118,2
264,20261119,2
264,20261123,2
264,20261124,2
264,20261125,2
264,20261126,2
264,20261130,2
264,20261201,2
264,20261202,2
264,20261203,2
264,20261207,2
264,20261208,2
264,20261209,2
264,20261210,2
265,20261117,1
266,20261108,2
266,20261115,2
266,20261122,2
266,20261129,2
266,20261206,2
267,20261108,2
267,20261115,2
267,20261117,1
267,20261122,2
267,20261129,2
267,20261206,2
269,20261114,2
269,20261121,2
269,20261128,2
269,20261205,2
270,20261114,2
270,20261117,1
270,20261121,2
270,20261128,2
270,20261205,2
271,20261117,2
272,20261113,2
272,20261116,2
272,20261117,2
272,20261120,2
272,20261127,2
272,20261204,2
273,20261117,2
274,20261117,2
276,20261117,2
277,20261117,2
277,20261118,2
277,20261119,2
277,20261123,2
277,20261124,2
277,20261125,2
277,20261126,2
277,20261130,2
277,20261201,2
277,20261202,2
277,20261203,2
277,20261207,2
277,20261208,2
277,20261209,2
277,20261210,2
278,20261115,2
278,20261117,1
278,20261122,2
278,20261129,2
278,20261206,2
279,20261117,1
281,20261115,2
281,20261122,2
281,20261129,2
281,20261206,2
282,20261121,2
282,20261128,2
282,20261205,2
283,20261117,2
284,20261117,2
286,20261117,1
288,20261122,2
288,20261129,2
288,20261206,2
289,20261128,2
289,20261205,2
291,20261124,2
291,20261126,2
291,20261201,2
291,20261203,2
291,20261208,2
291,20261210,2
292,20261125,2
292,20261127,2
292,20261130,2
292,20261202,2
292,20261204,2
292,20261207,2
292,20261209,2
296,20261204,2
296,20261207,2
297,20261208,2
297,20261209,2
297,20261210,2
299,20261206,2
305,20261029,2
305,20261118,2
306,20261011,2
310,20261027,1
310,20261116,1
312,20261027,1
312,20261116,1
313,20261017,2
313,20261024,2
313,20261031,2
313,20261107,2
313,20261114,2
313,20261115,2
313,20261117,1
313,20261121,2
313,20261128,2
313,20261205,2
315,20261028,1
317,20261027,2
317,20261028,2
317,20261029,2
317,20261115,2
317,20261116,2
318,20261028,2
318,20261029,2
318,20261030,2
318,20261116,2
318,20261117,2
319,20261027,2
319,20261116,2
324,20261018,2
324,20261025,2
324,20261101,2
324,20261108,2
324,20261122,2
324,20261129,2
324,20261206,2
327,20261029,1
327,20261101,2
327,20261102,2
327,20261108,2
327,20261109,2
327,20261115,2
327,20261116,2
327,20261118,1
328,20261027,1
328,20261030,2
328,20261031,2
328,20261106,2
328,20261107,2
328,20261113,2
328,20261114,2
328,20261116,1
329,20261101,2
329,20261102,2
329,20261103,2
329,20261104,2
329,20261105,2
329,20261108,2
329,20261109,2
329,20261110,2
329,20261111,2
329,20261112,2
