service_id,monday,tuesday,wednesday,thursday,friday,saturday,sunday,start_date,end_date
SC00003.S0,1,1,1,1,1,0,0,20261012,20261023
SC00047.S0,1,1,1,1,1,1,1,20261017,20261018
SC00001.S0,0,0,0,0,0,1,1,20261010,20261018
SC00026.S0,0,0,0,0,0,0,1,20261011,20261018
SC00004.S0,0,0,0,0,0,1,0,20261010,20261017
SC00015.S0,1,1,1,1,1,1,1,20261010,20261011
SC09919.S0,1,1,1,1,1,0,0,20260901,20261212
SC09920.S0,0,0,0,0,0,1,1,20260901,20261212
SC00003.S-1,0,1,1,1,1,1,0,20261013,20261024
SC00001.S-1,1,0,0,0,0,0,1,20261011,20261019
SC11902.S0,1,1,1,1,1,0,0,20251214,20261212
SC11907.S0,1,1,1,1,1,0,0,20261002,20261015
SC10041.S0,1,1,1,1,1,0,0,20260830,20261212
SC09851.S0,1,1,1,1,1,0,0,20260830,20261212
SC09945.S0,1,1,1,1,1,0,0,20260614,20261212
SC10309.S0,1,1,1,1,1,0,0,20260914,20261031
SC09837.S0,1,1,1,1,1,0,0,20260301,20261212
SC09900.S0,1,1,1,1,1,0,0,20251214,20261212
SC09854.S0,1,1,1,1,1,0,0,20251214,20261212
SC09974.S0,1,1,1,1,1,0,0,20260830,20261212
SC10036.S0,1,1,1,1,1,0,0,20260301,20261212
SC09956.S0,0,0,0,0,0,1,1,20260301,20261212
SC11903.S0,1,1,1,1,1,0,0,20251214,20261212
SC11908.S0,0,0,0,0,0,1,1,20261002,20261015
SC11905.S0,0,0,0,0,0,1,1,20251214,20261212
SC11013.S0,1,1,1,1,1,0,0,20261001,20261031
SC11904.S0,0,0,0,0,0,1,1,20251214,20261212
SC00280.S0,0,0,0,0,0,1,1,20260614,20261212
SC00249.S0,0,0,0,0,0,1,1,20251214,20261212
SC00133.S0,1,1,1,1,1,1,1,20251214,20261212
SC00144.S0,0,0,0,0,0,1,1,20251214,20261212
SC01027.S0,0,0,0,0,0,0,0,20251214,20261212
SC00238.S0,0,0,0,0,0,1,1,20251214,20261212
SC00390.S0,1,1,1,1,1,0,0,20261001,20261030
SC09102.S0,1,1,1,1,1,0,0,20260929,20261109
SC09852.S0,0,0,0,0,0,1,1,20260830,20261212
SC09867.S0,0,0,0,0,0,0,0,20251214,20261212
SC09869.S0,1,1,1,1,1,0,0,20251214,20271210
SC09870.S0,1,1,1,1,1,0,0,20251214,20271210
SC09871.S0,1,1,1,1,1,0,0,20251214,20271210
SC11350.S0,1,0,1,1,1,0,0,20260828,20261130
SC11344.S0,1,1,1,1,1,0,0,20251214,20261212
SC09872.S0,0,0,0,0,0,1,1,20251214,20271210
SC09873.S0,0,0,0,0,0,1,1,20251214,20271210
SC09874.S0,0,0,0,0,0,1,1,20251214,20271210
SC09875.S0,1,1,1,1,1,0,0,20260627,20261120
SC09876.S0,0,0,0,0,0,1,1,20260627,20261120
SC09877.S0,0,0,0,0,0,0,0,20251214,20290328
SC09878.S0,0,0,0,0,0,0,0,20251214,20290328
SC09879.S0,1,1,1,1,1,0,0,20260403,20290121
SC09880.S0,1,1,1,1,1,0,0,20260403,20290121
SC10034.S0,1,1,1,1,1,0,0,20251214,20261212
SC09881.S0,0,0,0,0,0,1,1,20260403,20290121
SC09885.S0,1,1,1,1,1,0,0,20260614,20290630
SC09886.S0,0,0,0,0,0,1,1,20260614,20290630
SC09887.S0,0,0,0,0,0,1,1,20251214,20261212
SC09888.S0,0,0,0,0,0,0,0,20251214,20261212
SC09889.S0,0,0,0,0,0,0,0,20251214,20261212
SC09890.S0,1,1,1,1,1,0,0,20251214,20261212
SC09891.S0,1,1,1,1,1,0,0,20251214,20261212
SC09892.S0,0,0,0,0,0,0,0,20251214,20261212
SC09893.S0,1,1,1,1,1,0,0,20251214,20261212
SC09894.S0,0,0,0,0,0,1,1,20251214,20261212
SC09895.S0,0,0,0,0,0,1,1,20251214,20261212
SC09896.S0,0,0,0,0,0,1,1,20251214,20261212
SC09897.S0,1,1,1,1,1,0,0,20261003,20261106
SC09898.S0,1,1,1,1,1,0,0,20261003,20261106
SC09899.S0,0,0,0,0,0,1,1,20261003,20261106
SC11012.S0,1,1,1,1,1,0,0,20261001,20261031
SC10049.S0,1,1,1,1,1,0,0,20261012,20261031
SC09931.S0,1,1,1,1,1,0,0,20260901,20261212
SC11359.S0,1,1,1,1,1,0,0,20251214,20261212
SC11367.S0,1,1,1,1,1,0,0,20260930,20261031
SC11338.S0,0,0,0,0,0,0,0,20260614,20261212
SC09909.S0,0,0,0,0,0,0,0,20260901,20261212
SC10139.S0,0,0,0,0,0,1,1,20260629,20261231
SC10165.S0,1,1,1,1,1,0,0,20260901,20261231
SC10294.S0,0,0,0,0,0,0,1,20260830,20261212
SC10368.S0,1,1,1,1,1,0,0,20260914,20261031
SC10848.S0,1,1,1,1,1,0,0,20260614,20261031
SC10846.S0,1,1,1,1,1,0,0,20261101,20261212
SC10035.S0,0,0,0,0,0,0,0,20251214,20261212
SC10443.S0,0,0,0,0,0,1,0,20251214,20261212
SC10444.S0,0,0,0,0,0,0,1,20251214,20261212
SC10445.S0,0,0,0,0,0,0,1,20251214,20261212
SC10503.S0,1,1,1,1,1,0,0,20251214,20261212
SC10504.S0,1,1,1,1,1,0,0,20251214,20261212
SC10513.S0,0,0,0,0,0,1,0,20260901,20261212
SC10514.S0,0,0,0,0,0,0,1,20260901,20261212
SC10001.S0,1,1,1,1,1,0,0,20260901,20261031
SC10002.S0,0,0,0,0,0,1,1,20260901,20261031
SC10807.S0,1,1,1,1,1,0,0,20260901,20261231
SC10808.S0,0,0,0,0,0,1,1,20260901,20261231
SC10811.S0,0,0,0,0,0,1,1,20260901,20261231
SC10850.S0,1,1,1,1,1,0,0,20260614,20261212
SC10851.S0,0,0,0,0,0,0,0,20260614,20261212
SC10862.S0,1,1,1,1,1,0,0,20260824,20261130
SC10935.S0,0,0,0,0,0,1,0,20260830,20261212
SC11300.S0,0,0,0,0,0,1,1,20260530,20261212
SC11332.S0,0,1,1,1,0,0,0,20260323,20261212
SC11333.S0,0,0,0,0,0,0,0,20260323,20261212
SC11334.S0,1,1,1,1,1,0,0,20260720,20261130
SC11335.S0,1,1,1,1,1,0,0,20260720,20261130
SC11336.S0,1,1,1,1,1,0,0,20251214,20261212
SC11337.S0,0,0,0,0,0,1,1,20260614,20261212
SC11339.S0,0,1,1,1,0,0,0,20260614,20261212
SC11346.S0,1,1,1,1,1,0,0,20251214,20261212
SC11340.S0,0,0,0,0,1,0,0,20260828,20261130
SC11341.S0,0,0,0,0,0,0,0,20260828,20261130
SC11342.S0,1,1,1,1,1,0,0,20260929,20261116
SC11343.S0,1,1,1,1,1,0,0,20260929,20261116
SC11345.S0,1,1,1,1,0,0,0,20251214,20261212
SC11347.S0,0,0,0,0,0,1,1,20251214,20261212
SC11348.S0,0,0,0,0,0,1,1,20251214,20261212
SC11349.S0,0,0,0,0,0,1,1,20251214,20261212
SC11351.S0,0,0,1,1,1,0,0,20260828,20261130
SC11352.S0,0,0,0,0,0,1,1,20260828,20261130
SC11353.S0,1,1,1,1,1,0,0,20260929,20261109
SC11354.S0,0,0,0,0,0,1,1,20260929,20261109
SC11355.S0,1,1,1,1,1,0,0,20251214,20261212
SC10013.S0,1,1,1,1,1,0,0,20260921,20261031
SC11377.S0,1,1,1,1,1,0,0,20260921,20260929
SC11356.S0,1,1,1,1,1,0,0,20251214,20261212
SC11357.S0,0,0,0,0,0,0,0,20251214,20261212
SC10014.S0,1,1,1,1,1,0,0,20260921,20261031
SC11358.S0,1,1,1,1,1,0,0,20260301,20261212
SC11360.S0,1,1,1,1,1,0,0,20251214,20261212
SC11361.S0,0,0,0,0,0,1,1,20251214,20261212
SC11362.S0,0,0,0,0,0,0,0,20251214,20261212
SC11363.S0,0,0,0,0,0,0,0,20251214,20261212
SC11364.S0,0,0,0,0,0,0,0,20251214,20261212
SC11365.S0,0,0,0,0,0,1,1,20251214,20261212
SC11366.S0,0,0,0,0,0,0,0,20251214,20261212
SC11368.S0,0,0,0,0,0,1,1,20260930,20261031
SC11369.S0,0,0,0,0,0,0,0,20251214,20261212
SC11370.S0,1,1,1,1,1,0,0,20251214,20261212
SC11371.S0,0,0,0,0,0,0,0,20251214,20261212
SC11372.S0,0,0,0,0,0,1,1,20251214,20261212
SC11373.S0,0,0,0,0,0,0,0,20251214,20261212
SC11374.S0,0,0,0,0,0,1,1,20251214,20261212
SC11375.S0,0,0,0,0,0,0,0,20251214,20261212
SC11376.S0,0,0,0,0,0,1,1,20251214,20261212
SC11378.S0,1,0,0,0,0,1,1,20260921,20260929
SC11379.S0,0,0,0,0,0,0,0,20251214,20261212
SC11380.S0,0,0,0,0,0,0,0,20251214,20261212
SC11381.S0,0,0,0,0,0,0,0,20251214,20261212
SC11382.S0,0,0,0,0,0,0,0,20251214,20261212
SC11383.S0,0,0,0,0,0,0,0,20260501,20261211
SC11384.S0,0,0,0,0,0,1,1,20260501,20261211
SC09921.S0,1,1,1,1,1,0,0,20260901,20260920
SC09947.S0,1,1,1,1,1,0,0,20260901,20260920
SC11385.S0,0,0,0,0,0,1,0,20260901,20260920
SC11386.S0,0,0,0,0,0,0,1,20260901,20260920
SC11387.S0,1,1,1,1,1,1,1,20260921,20260925
SC11388.S0,1,1,1,1,1,1,1,20260921,20260925
SC11389.S0,0,0,0,0,0,0,0,20260921,20260925
SC11390.S0,0,0,0,0,0,0,0,20260921,20260925
SC11391.S0,1,1,1,1,1,0,0,20260926,20261212
SC11392.S0,1,1,1,1,1,0,0,20260926,20261212
SC11393.S0,0,0,0,0,0,1,0,20260926,20261212
SC11394.S0,0,0,0,0,0,0,1,20260926,20261212
SC11395.S0,1,1,1,1,1,0,0,20260201,20261212
SC11396.S0,1,1,1,1,1,0,0,20260201,20261212
SC11397.S0,0,0,0,0,0,1,0,20260201,20261212
SC11398.S0,0,0,0,0,0,0,1,20260201,20261212
SC11399.S0,0,0,0,0,0,0,0,20260501,20261212
SC11400.S0,0,0,0,0,0,1,0,20260501,20261212
SC11401.S0,0,0,0,0,0,0,1,20260501,20261212
SC11402.S0,0,0,0,0,0,0,1,20251214,20261212
SC11403.S0,0,0,0,0,0,1,0,20260301,20261212
SC11404.S0,0,0,0,0,0,0,1,20260301,20261212
SC11405.S0,1,1,1,1,1,0,0,20260416,20260920
SC11406.S0,0,0,0,0,0,1,0,20260416,20260920
SC11407.S0,0,0,0,0,0,0,1,20260416,20260920
SC11408.S0,1,1,1,1,1,0,0,20251214,20261212
SC11409.S0,0,0,0,0,0,1,1,20251214,20261212
SC11410.S0,0,0,0,0,0,0,0,20251214,20261212
SC11411.S0,0,0,0,0,0,0,0,20251214,20261212
SC11412.S0,0,0,0,0,0,1,1,20251214,20261212
SC09993.S0,0,0,0,0,0,1,1,20261001,20261030
SC11413.S0,0,0,0,0,0,0,0,20260614,20261212
SC11414.S0,0,0,0,0,0,0,0,20260614,20261212
SC11415.S0,0,0,0,0,0,0,0,20260614,20261212
SC11416.S0,0,0,0,0,0,0,0,20260614,20261212
SC11417.S0,1,1,1,1,1,0,0,20260701,20261031
SC11418.S0,0,0,1,1,1,0,0,20260701,20261031
SC11419.S0,0,0,0,0,0,0,0,20260701,20261031
SC11420.S0,0,0,0,0,0,1,1,20260701,20261031
SC11421.S0,1,1,1,1,1,0,0,20261001,20261004
SC11422.S0,1,1,1,1,1,0,0,20261001,20261004
SC11423.S0,1,1,1,0,0,1,1,20261001,20261004
SC11424.S0,1,1,1,1,1,0,0,20261005,20261030
SC11425.S0,1,1,1,1,1,0,0,20261005,20261030
SC11426.S0,0,0,0,0,0,1,1,20261005,20261030
SC11427.S0,1,1,1,1,1,0,0,20260906,20261212
SC11428.S0,0,0,0,0,0,1,1,20260906,20261212
SC11429.S0,1,1,1,1,1,0,0,20251214,20261212
SC11430.S0,1,1,1,1,1,0,0,20251214,20261212
SC11431.S0,0,0,0,0,0,1,1,20251214,20261212
SC11432.S0,0,0,0,0,0,1,1,20251214,20261212
SC11433.S0,0,0,0,0,0,0,1,20251214,20261212
SC11434.S0,0,1,1,1,1,0,0,20260925,20261004
SC11435.S0,1,0,0,0,0,1,1,20260925,20261004
SC11436.S0,1,0,0,0,0,0,1,20260925,20261004
SC11437.S0,1,1,1,1,1,0,0,20261005,20261108
SC11438.S0,0,0,0,0,0,1,1,20261005,20261108
SC11439.S0,0,0,0,0,0,0,1,20261005,20261108
SC11440.S0,1,1,1,1,1,0,0,20260614,20261212
SC11441.S0,0,0,0,0,0,0,0,20260614,20261212
SC11442.S0,0,0,0,0,0,1,1,20260614,20261212
SC11443.S0,1,1,1,1,1,0,0,20260907,20260930
SC11444.S0,0,0,0,0,0,1,1,20260907,20260930
SC09986.S0,1,1,1,1,1,0,0,20261001,20261018
SC09987.S0,0,0,0,0,0,1,1,20261001,20261018
SC11445.S0,0,0,0,0,0,0,1,20251214,20261212
SC11446.S0,1,1,1,1,1,0,0,20251214,20261007
SC11447.S0,0,0,0,0,0,1,1,20251214,20261007
SC11448.S0,0,0,0,0,0,1,1,20251214,20261007
SC11449.S0,0,0,0,0,0,1,1,20251214,20261007
SC11450.S0,1,1,1,1,1,0,0,20261008,20261025
SC11451.S0,0,0,0,0,0,1,1,20261008,20261025
SC11452.S0,1,1,0,1,1,0,1,20261026,20261031
SC11453.S0,0,0,1,0,0,1,1,20261026,20261031
SC11454.S0,1,1,1,1,1,0,0,20251214,20261212
SC11455.S0,1,1,1,1,1,0,0,20251214,20261212
SC11456.S0,1,1,1,1,1,0,0,20260907,20261018
SC11457.S0,1,1,1,1,1,0,0,20251214,20261212
SC11458.S0,1,1,1,1,1,0,0,20251214,20261212
SC11459.S0,1,1,1,1,1,0,0,20251214,20261212
SC11460.S0,0,0,0,0,0,1,1,20251214,20261212
SC11461.S0,0,0,0,0,0,1,1,20251214,20261212
SC11462.S0,1,1,1,1,1,0,0,20260921,20261030
SC11463.S0,0,0,0,0,0,1,1,20260921,20261030
SC11464.S0,1,1,1,1,1,0,0,20260713,20270830
SC11465.S0,0,0,0,0,0,1,1,20260713,20270830
SC11466.S0,1,1,1,1,1,1,1,20260713,20270830
SC11467.S0,1,1,1,1,1,0,0,20251214,20261014
SC11468.S0,1,1,1,1,1,0,0,20251214,20261014
SC11469.S0,0,0,0,0,0,1,1,20251214,20261014
SC11470.S0,0,0,0,0,0,1,1,20251214,20261014
SC11471.S0,1,1,1,1,1,0,0,20261015,20261212
SC11472.S0,0,0,0,0,0,1,1,20261015,20261212
SC11473.S0,1,1,1,1,1,0,0,20251214,20261212
SC11474.S0,1,1,1,1,1,0,0,20251214,20261212
SC11475.S0,0,0,0,0,0,0,0,20251214,20261212
SC11476.S0,1,1,1,1,1,0,0,20251214,20261212
SC11477.S0,0,0,0,0,0,1,1,20251214,20261212
SC11478.S0,0,0,0,0,0,1,1,20251214,20261212
SC11479.S0,1,1,1,1,1,0,0,20260729,20261031
SC11480.S0,0,0,0,0,0,1,1,20260729,20261031
SC09999.S0,1,1,1,1,1,0,0,20251214,20261212
SC11481.S0,1,1,1,1,1,0,0,20251214,20261212
SC11482.S0,0,0,0,0,0,0,0,20251214,20261212
SC11483.S0,1,1,1,1,1,0,0,20251214,20261212
SC10000.S0,0,0,0,0,0,1,1,20251214,20261212
SC11484.S0,0,0,0,0,0,1,1,20251214,20261212
SC11485.S0,1,1,1,1,1,0,0,20261001,20261014
SC11486.S0,1,1,1,1,1,0,0,20261015,20261030
SC11487.S0,1,1,1,1,1,0,0,20251214,20261212
SC11488.S0,1,1,1,1,1,0,0,20251214,20261212
SC11489.S0,0,0,0,0,0,1,1,20251214,20261212
SC11490.S0,0,0,0,0,0,1,1,20251214,20261212
SC11491.S0,1,1,1,1,1,0,0,20260831,20261130
SC11492.S0,0,0,0,0,0,1,1,20260831,20261130
SC11493.S0,1,1,1,1,1,0,1,20260201,20261212
SC11494.S0,1,1,1,1,1,1,1,20260201,20261212
SC11495.S0,1,1,1,1,1,1,0,20251214,20261212
SC11496.S0,1,1,1,1,1,0,1,20251214,20261212
SC11816.S0,0,0,0,0,0,0,0,20251214,20261212
SC11817.S0,0,1,1,1,1,0,0,20251214,20261212
SC11818.S0,0,0,0,0,0,1,0,20251214,20261212
SC11820.S0,1,1,1,1,1,0,0,20260905,20261010
SC11821.S0,1,1,1,1,1,0,0,20261012,20261026
SC11819.S0,1,1,1,1,1,0,0,20251214,20261212
SC11844.S0,1,1,1,1,1,0,0,20251214,20261212
SC11850.S0,1,1,1,1,1,0,0,20260629,20260913
SC11845.S0,1,1,1,1,1,0,0,20251214,20261212
SC11822.S0,1,1,1,1,1,0,0,20251214,20261212
SC11823.S0,0,0,0,0,0,1,1,20261012,20261031
SC11825.S0,1,1,1,1,1,0,0,20251214,20261212
SC11826.S0,1,1,1,1,1,0,0,20251214,20261212
SC11828.S0,1,1,1,1,1,0,0,20260301,20261212
SC11857.S0,1,1,0,0,0,0,0,20260801,20261031
SC10048.S0,1,1,1,1,1,0,0,20251214,20261212
SC11827.S0,1,1,1,1,1,0,0,20260907,20261011
SC11858.S0,1,1,1,1,1,0,0,20260910,20261011
SC11829.S0,1,1,1,1,1,0,0,20260301,20261212
SC11854.S0,1,1,1,1,1,0,0,20260301,20260930
SC09934.S0,1,1,1,1,1,0,0,20261001,20261212
SC11830.S0,0,0,0,0,0,1,1,20260301,20261212
SC11831.S0,0,0,0,0,0,1,1,20260907,20261011
SC11832.S0,0,0,0,0,0,1,1,20261012,20261023
SC11833.S0,1,1,1,1,1,0,0,20251214,20261212
SC11834.S0,1,1,1,1,1,0,0,20251214,20261212
SC11835.S0,0,0,0,0,0,1,1,20251214,20261212
SC11862.S0,0,0,0,0,0,1,1,20260830,20261212
SC11867.S0,0,0,0,0,0,1,1,20260925,20261108
SC11836.S0,0,0,0,0,0,1,1,20251214,20261212
SC11837.S0,0,0,0,0,0,1,1,20251214,20261212
SC11838.S0,0,0,0,0,0,1,1,20261001,20261031
SC11839.S0,1,1,1,1,1,0,0,20251214,20261212
SC11840.S0,1,1,1,1,1,0,0,20251214,20261212
SC11841.S0,1,1,1,1,1,0,0,20251214,20261212
SC09990.S0,1,1,1,1,1,0,0,20261001,20261011
SC11842.S0,1,1,1,1,1,0,0,20251214,20261212
SC11843.S0,1,1,1,1,1,0,0,20251214,20261212
SC11846.S0,1,1,1,1,1,0,0,20251214,20261212
SC11847.S0,0,0,0,0,0,1,1,20251214,20261212
SC11848.S0,0,0,0,0,0,1,1,20251214,20261212
SC11849.S0,0,0,0,0,0,1,1,20251214,20261212
SC11851.S0,0,0,0,0,0,0,0,20260629,20260913
SC11852.S0,0,0,0,0,0,1,1,20260629,20260913
SC11853.S0,0,0,0,0,0,1,1,20260914,20261031
SC10033.S0,1,1,1,1,1,0,0,20260101,20261212
SC11856.S0,1,1,1,1,1,0,0,20251214,20261212
SC11855.S0,0,0,0,0,0,1,1,20260301,20260930
SC09936.S0,0,0,0,0,0,1,1,20261001,20261212
SC11859.S0,1,1,1,1,1,0,0,20260830,20261212
SC11860.S0,0,0,0,0,0,0,0,20260830,20261212
SC11861.S0,0,0,0,0,0,0,0,20260830,20261212
SC11863.S0,0,0,0,0,0,0,1,20260830,20261212
SC11864.S0,1,1,1,1,1,0,0,20260925,20261108
SC11865.S0,0,0,0,0,0,0,0,20260925,20261108
SC11866.S0,1,1,1,1,1,0,0,20260925,20261108
SC11868.S0,0,0,0,0,0,0,1,20260925,20261108
SC11869.S0,1,1,1,1,1,0,0,20251214,20261212
SC11871.S0,0,0,0,0,0,0,0,20251214,20261212
SC11872.S0,0,0,0,0,0,0,0,20251214,20261212
SC11873.S0,0,0,0,0,0,0,0,20251214,20261212
SC11874.S0,0,0,0,0,0,0,0,20260504,20261106
SC11875.S0,0,0,0,0,0,0,0,20260504,20261106
SC11876.S0,1,1,1,1,1,0,0,20260629,20261031
SC11877.S0,0,1,0,0,0,0,0,20260629,20261031
SC11878.S0,1,1,1,1,1,0,0,20260504,20261106
SC10003.S0,1,1,1,1,1,0,0,20251214,20260930
SC11879.S0,1,1,1,1,1,0,0,20251214,20260930
SC11880.S0,1,1,1,1,1,0,0,20251214,20260930
SC10004.S0,0,0,0,0,0,1,1,20251214,20260930
SC11881.S0,0,0,0,0,0,1,1,20251214,20260930
SC10005.S0,0,0,0,0,0,1,1,20251214,20260930
SC10006.S0,1,1,1,1,1,0,0,20261001,20261212
SC11882.S0,1,1,1,1,1,0,0,20251214,20261212
SC11883.S0,1,1,1,1,1,0,0,20260614,20261212
SC11884.S0,0,0,0,0,0,1,1,20260614,20261212
SC11885.S0,0,0,0,0,0,0,1,20260614,20261212
SC11886.S0,1,1,1,1,1,0,0,20260614,20261212
SC11887.S0,0,0,0,0,0,0,0,20260614,20261212
SC11888.S0,0,0,0,0,0,0,1,20260614,20261212
SC11889.S0,1,1,1,1,1,0,0,20261001,20261108
SC11890.S0,1,1,1,1,1,0,0,20261001,20261108
SC11891.S0,0,0,0,0,0,0,1,20261001,20261108
SC11892.S0,1,1,1,1,1,0,0,20260301,20261212
SC11893.S0,1,1,1,1,1,0,0,20260301,20261212
SC11894.S0,1,1,1,1,1,0,0,20260925,20261108
SC11895.S0,1,1,1,1,1,0,0,20251214,20261212
SC11896.S0,1,1,1,1,1,0,0,20251214,20261212
SC11897.S0,1,1,1,1,1,0,0,20251214,20261212
SC11898.S0,0,0,0,0,0,1,1,20251214,20261212
SC11899.S0,0,0,0,0,0,1,1,20251214,20261212
SC11900.S0,1,1,1,1,1,0,0,20261005,20261015
SC11901.S0,0,0,0,0,0,1,1,20261005,20261015
SC11906.S0,0,0,0,0,0,0,1,20251214,20261212
SC11909.S0,0,0,0,0,0,0,1,20261002,20261015
SC11910.S0,1,1,1,1,1,0,0,20251214,20261212
SC11911.S0,1,1,1,1,1,0,0,20260615,20261004
SC11912.S0,1,1,1,1,1,0,0,20261005,20261115
SC11913.S0,0,0,0,0,0,0,0,20251214,20261212
SC11922.S0,1,1,1,1,1,0,0,20261101,20261212
SC11923.S0,0,0,0,0,0,0,0,20261101,20261212
SC11924.S0,0,0,0,0,0,1,1,20261101,20261212
SC11925.S0,1,1,1,1,1,0,0,20260614,20261031
SC11926.S0,0,0,0,1,1,0,0,20260614,20261031
SC11927.S0,0,0,0,0,0,1,1,20260614,20261031
SC11928.S0,0,0,0,0,0,0,0,20251214,20261212
SC11929.S0,0,0,0,0,0,0,0,20251214,20261212
SC11930.S0,0,0,0,0,0,0,0,20251214,20261212
SC11931.S0,0,0,0,0,0,0,0,20251214,20261212
SC11932.S0,0,0,0,0,0,0,0,20251214,20261212
SC11933.S0,1,1,1,1,1,0,0,20260407,20260930
SC11934.S0,0,0,0,0,0,0,0,20260407,20260930
SC11935.S0,1,1,1,1,1,0,0,20260407,20260930
SC11936.S0,0,0,0,0,0,1,1,20260407,20260930
SC10009.S0,1,1,1,1,1,0,0,20251214,20261212
SC11939.S0,1,1,1,1,1,0,0,20251214,20261212
SC10010.S0,1,1,1,1,1,0,0,20251214,20261212
SC11940.S0,0,0,0,0,0,1,1,20251214,20261212
SC11941.S0,0,0,0,0,0,1,1,20251214,20261212
SC11942.S0,0,0,0,0,0,1,1,20251214,20261212
SC11943.S0,1,1,1,1,1,0,0,20260921,20261020
SC11944.S0,0,0,0,0,0,1,1,20260921,20261020
SC11945.S0,0,0,0,0,0,0,0,20251214,20261212
SC11946.S0,0,0,0,0,0,0,0,20251214,20261212
SC11947.S0,0,0,0,0,0,0,0,20251214,20261212
SC11948.S0,0,0,0,0,0,0,0,20251214,20261212
SC11949.S0,0,0,0,0,0,0,0,20251214,20261212
SC11950.S0,0,0,0,0,0,0,0,20251214,20261212
SC11951.S0,1,1,1,1,1,0,0,20260504,20261130
SC11952.S0,1,1,1,1,1,0,0,20260504,20261130
SC11953.S0,0,0,0,0,0,0,0,20260504,20261130
SC11954.S0,0,0,0,0,0,1,1,20260504,20261130
SC11955.S0,0,0,0,0,0,0,0,20251214,20261212
SC11956.S0,1,1,1,1,1,0,0,20251214,20261212
SC11957.S0,0,0,0,0,0,0,0,20251214,20261212
SC11958.S0,1,1,1,1,1,0,0,20251214,20261212
SC11959.S0,1,1,1,1,1,0,0,20251214,20261212
SC11960.S0,0,0,0,0,0,1,1,20251214,20261212
SC11961.S0,0,0,0,0,0,1,1,20251214,20261212
SC11962.S0,0,0,0,0,0,1,1,20251214,20261212
SC11963.S0,1,1,1,1,1,0,0,20260907,20261030
SC11964.S0,1,1,1,1,1,0,0,20260907,20261030
SC11965.S0,0,0,0,0,0,1,1,20260907,20261030
SC11966.S0,1,1,1,1,1,0,0,20251214,20261212
SC11967.S0,0,0,0,0,0,0,0,20251214,20261212
SC11968.S0,1,1,1,1,1,0,0,20260525,20261212
SC11969.S0,0,0,0,0,0,1,1,20260525,20261212
SC11970.S0,0,0,0,0,0,1,1,20260525,20261212
SC11971.S0,0,0,0,0,0,0,0,20260525,20261212
SC11972.S0,1,1,1,1,1,0,0,20251214,20261212
SC11973.S0,0,0,0,0,0,0,0,20251214,20261212
SC11974.S0,0,0,0,0,0,0,0,20251214,20261212
SC11975.S0,0,0,0,0,0,0,0,20251214,20261212
SC11976.S0,0,0,0,0,0,0,0,20251214,20261212
SC11977.S0,0,0,0,0,0,0,0,20251214,20261212
SC11978.S0,0,0,0,0,0,0,0,20251214,20261212
SC11979.S0,1,1,1,1,1,0,0,20261026,20261212
SC11980.S0,0,0,0,0,0,1,1,20261026,20261212
SC11981.S0,1,1,1,1,1,0,0,20260901,20261025
SC11982.S0,0,0,0,0,0,1,1,20260901,20261025
SC11983.S0,0,0,0,0,0,1,1,20260613,20261212
SC11990.S0,0,0,0,0,0,0,0,20260301,20261212
SC11991.S0,0,0,0,0,0,0,0,20260301,20261212
SC11992.S0,1,1,1,1,1,0,0,20260514,20261031
SC11993.S0,0,0,0,0,0,1,1,20260514,20261031
SC10037.S0,0,0,0,0,0,0,0,20260301,20261212
SC11994.S0,1,1,1,0,0,0,0,20251214,20261212
SC11995.S0,0,0,0,0,0,0,0,20251214,20261212
SC11996.S0,0,0,0,0,0,1,1,20251214,20261212
SC11997.S0,0,0,0,0,0,1,1,20251214,20261212
SC11998.S0,0,0,0,0,0,0,0,20251214,20261212
SC11999.S0,0,0,0,0,0,0,0,20251214,20261212
SC12000.S0,0,0,0,0,0,0,0,20260411,20261101
SC12001.S0,0,0,0,0,0,1,1,20260411,20261101
SC12002.S0,1,1,1,1,1,0,0,20260103,20261231
SC12003.S0,0,0,0,0,0,1,1,20260103,20261231
SC12004.S0,0,0,0,0,0,1,1,20260103,20261231
SC12005.S0,1,1,1,1,1,0,0,20260103,20261231
SC12006.S0,0,0,0,0,0,1,1,20260103,20261231
SC12007.S0,1,1,1,1,1,0,0,20260901,20260927
SC12008.S0,0,0,0,0,0,1,1,20260901,20260927
SC12009.S0,1,1,1,1,1,0,0,20260928,20261231
SC12010.S0,0,0,0,0,0,1,1,20260928,20261231
SC12011.S0,0,0,0,0,0,1,1,20260901,20261231
SC12012.S0,1,1,1,1,1,0,0,20260901,20260919
SC12013.S0,1,1,1,1,1,0,0,20260901,20260919
SC12014.S0,0,0,0,0,0,1,1,20260901,20260919
SC12015.S0,0,0,0,0,0,1,1,20260901,20260919
SC12016.S0,0,0,0,0,0,1,1,20260901,20260919
SC12017.S0,1,1,1,1,1,0,0,20260920,20261231
SC12018.S0,1,1,1,1,1,0,0,20260920,20261231
SC12019.S0,0,0,0,0,0,1,1,20260920,20261231
SC12020.S0,0,0,0,0,0,1,1,20260920,20261231
SC12021.S0,0,0,0,0,0,1,1,20260920,20261231
SC12022.S0,1,1,1,1,1,0,0,20260901,20261231
SC12023.S0,0,0,0,0,0,1,1,20260629,20261231
SC12024.S0,1,1,1,1,1,0,0,20260629,20261231
SC13161.S0,0,0,0,0,0,1,1,20261005,20261231
SC13162.S0,1,1,1,1,1,0,0,20261005,20261231
SC14103.S0,1,1,1,1,1,0,0,20251214,20261212
SC14104.S0,1,1,1,1,1,0,0,20251214,20261212
SC14105.S0,0,0,0,0,0,1,1,20251214,20261212
SC14106.S0,0,0,0,0,0,1,1,20251214,20261212
SC10016.S0,1,1,1,1,1,0,0,20261005,20261014
SC14107.S0,0,0,0,0,0,1,1,20261005,20261014
SC14119.S0,1,1,1,1,1,1,1,20260901,20261212
SC14120.S0,1,1,1,1,1,0,0,20261105,20261212
SC14121.S0,0,0,0,0,0,1,1,20261105,20261212
SC14122.S0,1,1,1,1,1,1,1,20261105,20261212
SC14123.S0,1,1,1,1,1,0,0,20260901,20261104
SC14124.S0,0,0,0,0,0,1,1,20260901,20261104
SC14125.S0,1,1,1,1,1,1,1,20260901,20261212
SC14126.S0,1,0,1,1,1,0,0,20260901,20261212
SC14127.S0,0,0,0,0,0,1,1,20260901,20261212
SC14128.S0,1,1,1,1,1,1,1,20260921,20261103
SC14129.S0,1,1,1,1,1,0,0,20260921,20261103
SC14130.S0,0,0,0,0,0,1,1,20260921,20261103
SC14131.S0,0,0,0,0,0,0,0,20260501,20261212
SC14132.S0,0,0,0,0,0,0,0,20260901,20261104
SC14133.S0,0,0,0,0,0,0,0,20251214,20261212
SC14134.S0,1,1,1,1,1,1,1,20260901,20260927
SC14135.S0,0,0,0,0,0,0,0,20260901,20261231
SC14136.S0,1,1,1,1,1,0,0,20260920,20260927
SC14137.S0,0,0,0,0,0,1,1,20260920,20260927
SC14138.S0,0,0,0,0,0,1,1,20260901,20260927
SC14139.S0,0,0,0,0,0,1,1,20260901,20260927
SC14140.S0,0,1,1,1,1,0,0,20260928,20261004
SC14141.S0,1,0,0,0,0,1,1,20260928,20261004
SC14142.S0,1,0,0,0,0,1,1,20260928,20261004
SC14143.S0,1,0,0,0,0,1,1,20260928,20261004
SC14144.S0,0,0,0,0,0,1,1,20261005,20261231
SC14145.S0,0,0,0,0,0,1,1,20261005,20261231
